 238872
 244504
 244504
 244504
 284056
 284056
 317912
 341408
 342520
 355536
 355536
 386136
 401464
 276520
 276520
 276520
 319792
 321704
 321704
 355336
 379224
 380392
 393168
 393168
 428712
 439080
 439080
 481928
 481928
 497768
 511016
 511016
 281792
 276600
 276600
 276600
 319872
 321784
 321784
 355416
 379304
 380472
 393248
 393248
 428792
 439160
 439160
 482008
 482008
 497848
 511096
 511096
 276600
 276600
 276600
 276600
 321784
 321784
 355416
 379304
 380472
 393248
 393248
 424488
 439304
 455024
 484704
 504488
 500960
 516888
 276600
 276600
 276600
 276600
 322008
 322008
 355416
 379696
 398592
 398592
 398592
 428792
 439832
 454272
 482792
 482792
 498744
 498744
 276600
 276600
 276600
 325088
 322008
 322008
 355416
 379696
 398592
 398592
 398592
 428792
 439832
 454272
 482792
 482792
 498744
 498744
 276600
 276600
 276600
 320576
 320576
 351672
 353656
 382256
 387984
 399808
 419384
 419384
 445960
 445960
 490104
 505720
 521216
 521216
 278472
 276760
 276760
 276760
 276760
 322168
 322168
 355576
 379856
 398752
 398752
 398752
 428952
 439992
 454432
 482952
 484176
 498648
 498648
 276760
 276760
 276760
 276760
 322168
 322168
 355576
 379856
 398752
 398752
 398752
 428952
 439992
 454432
 482952
 482952
 498904
 498904
 276760
 276760
 276760
 325248
 322168
 322168
 355576
 379856
 398752
 398752
 398752
 428952
 439992
 454432
 482952
 482952
 498904
 498904
 276760
 276760
 276760
 325248
 322168
 322168
 355576
 379856
 398752
 398752
 398752
 428952
 439992
 454432
 482952
 482952
 498904
 498904
 276760
 276760
 276760
 325248
 322168
 322168
 355576
 379856
 398752
 398752
 398752
 428952
 439992
 454432
 482952
 482952
 498904
 513632
 276760
 276760
 276760
 325248
 322168
 322168
 355576
 379856
 398752
 398752
 398752
 428952
 439992
 459968
 484792
 499304
 500472
 500472
 276760
 276760
 276760
 276760
 322168
 322168
 355576
 379856
 398752
 398752
 398752
 428952
 439992
 454432
 482952
 482952
 498904
 498904
 276760
 276760
 276760
 325248
 322168
 322168
 355576
 379856
 398752
 398752
 398752
 428952
 439992
 454432
 482952
 482952
 498904
 498904
 276760
 276760
 276760
 325248
 322168
 322168
 355576
 379856
 398752
 398752
 398752
 428952
 439992
 454432
 482952
 482952
 498904
 498904
 276760
 276760
 276760
 325248
 322168
 322168
 355576
 379856
 398752
 398752
 398752
 428952
 439992
 454432
 483608
 498280
 499328
 515744
 276760
 278128
 278128
 308536
 324280
 352808
 352808
 384448
 389008
 389008
 416584
 445040
 451696
 462736
 492136
 506720
 522240
 522240
 522240
 276760
 276760
 276760
 276760
 322168
 322168
 355576
 379856
 398752
 398752
 398752
 428952
 439992
 454432
 482952
 482952
 498904
 498904
 276760
 276760
 276760
 325248
 322168
 322168
 355576
 379856
 398752
 398752
 398752
 428952
 439992
 454432
 482952
 482952
 498904
 498904
 276760
 276760
 276760
 325248
 322168
 322168
 355576
 379856
 398752
 398752
 398752
 428952
 439992
 454432
 482952
 482952
 498904
 498904
 276760
 276760
 276760
 325248
 322168
 322168
 355576
 379856
 398752
 398752
 398752
 425264
 439464
 460352
 485480
 486568
 501120
 282472
 276760
 276760
 276760
 276760
 322168
 322168
 351768
 381168
 386880
 397920
 413128
 413128
 457424
 457424
 488856
 490224
 504128
 525072
 278432
 276760
 276760
 276760
 276760
 322168
 322168
 355576
 379856
 398752
 398752
 398752
 428952
 439992
 454432
 482952
 497736
 498728
 498728
 276760
 276760
 276760
 276760
 322168
 322168
 355576
 379856
 398752
 398752
 398752
 428952
 439992
 454432
 482952
 482952
 498904
 498904
 276760
 276760
 276760
 325248
 322168
 322168
 355576
 379856
 398752
 398752
 398752
 428952
 439992
 454432
 482952
 482952
 498904
 498904
 276760
 276760
 276760
 325248
 322168
 322168
 355576
 379856
 398752
 398752
 398752
 428952
 439992
 454864
 484264
 498792
 501016
 501016
 276760
 276760
 276760
 276760
 322168
 322168
 355576
 379856
 398752
 398752
 398752
 428952
 439992
 454432
 482952
 482952
 498904
 498904
 276760
 276760
 276760
 325248
 322168
 322168
 355576
 379856
 398752
 398752
 398752
 428952
 439992
 454432
 482952
 482952
 498904
 498904
 276760
 276760
 276760
 325248
 322168
 322168
 355576
 379856
 398752
 398752
 398752
 425408
 439536
 460256
 485576
 491688
 501128
 282472
 276760
 276760
 276760
 276760
 322168
 337040
 350712
 381824
 383192
 383192
 418696
 429344
 457936
 457936
 489512
 494184
 504728
 521648
 521648
 276760
 276760
 276760
 325248
 322168
 322168
 355576
 379856
 398752
 398752
 398752
 428952
 439992
 454432
 482952
 482952
 498904
 498904
 276760
 276760
 276760
 325248
 322168
 322168
 355576
 379856
 398752
 398752
 410536
 424216
 440064
 456712
 486120
 492136
 502888
 282520
 276760
 276760
 276760
 276760
 322168
 322168
 355576
 379856
 398752
 398752
 398752
 428952
 439992
 454432
 482952
 482952
 498904
 498904
 276760
 276760
 276760
 325248
 322168
 322168
 355576
 379856
 398752
 398752
 398752
 428952
 439992
 454432
 482952
 482952
 498904
 498904
 276760
 276760
 276760
 325248
 322168
 322168
 355576
 379856
 398752
 398752
 398752
 428952
 439992
 454720
 484136
 503912
 500920
 500920
 276760
 276760
 276760
 276760
 322168
 322168
 355576
 379856
 398752
 398752
 398752
 428952
 439992
 454432
 482952
 482952
 498904
 498904
 276760
 276760
 276760
 325248
 322168
 322168
 355576
 379856
 398752
 398752
 398752
 428952
 439992
 454432
 482952
 482952
 498904
 498904
 281952
 276760
 276760
 276760
 325248
 322168
 322168
 355576
 379856
 398752
 398752
 398752
 428952
 439992
 454432
 482952
 482952
 498904
 498904
 276760
 276760
 276760
 325248
 322168
 322168
 355576
 379856
 398752
 395808
 395808
 429848
 442008
 461088
 486824
 488208
 502352
 518704
 278456
 276760
 276760
 276760
 276760
 322168
 322168
 355576
 380512
 386464
 386464
 425800
 425800
 441936
 458800
 488200
 493256
 504952
 524688
 524688
 276760
 276760
 276760
 276760
 322168
 322168
 355576
 379856
 398752
 398752
 398752
 428952
 439992
 454432
 482952
 482952
 498904
 498904
 276760
 276760
 276760
 325248
 322168
 322168
 355576
 379856
 398752
 398752
 398752
 425264
 439464
 460352
 485480
 486568
 501120
 282488
 276760
 276760
 276760
 320656
 320656
 351752
 353736
 382336
 388064
 399888
 419464
 419464
 446040
 446040
 490104
 492192
 505928
 521200
 278432
 276760
 276760
 292712
 321184
 321184
 352264
 352264
 388496
 385400
 414488
 414488
 450720
 450720
 450720
 492680
 507968
 507968
 282592
 276872
 276872
 276872
 276872
 322280
 322280
 355688
 379968
 398864
 398864
 398864
 429064
 440104
 454544
 483064
 483064
 499016
 499016
 276872
 276872
 276872
 325360
 322280
 322280
 355688
 379968
 398864
 398864
 398864
 429064
 440104
 454544
 483064
 484288
 498768
 498768
 276872
 276872
 276872
 276872
 322280
 322280
 355688
 379968
 398864
 398864
 398864
 429064
 440104
 454544
 483064
 483064
 499016
 499016
 276872
 276872
 276872
 325360
 322280
 337008
 356040
 381824
 383208
 383208
 418808
 429408
 458016
 458016
 489624
 494216
 504928
 521808
 521808
 276872
 276872
 276872
 325360
 322280
 322280
 351336
 382496
 387792
 387792
 414680
 414680
 463648
 460880
 494760
 494760
 507080
 520736
 520736
 276872
 276872
 276872
 325360
 322280
 322280
 355688
 379968
 398864
 398864
 398864
 429064
 440104
 454544
 483064
 483064
 499016
 499016
 276872
 276872
 276872
 325360
 322280
 322280
 355688
 379968
 398864
 396064
 429976
 429976
 442216
 461168
 487000
 488368
 502440
 518848
 278568
 276872
 276872
 276872
 276872
 322280
 322280
 355688
 379968
 398864
 398864
 398864
 429064
 440104
 454544
 483064
 497848
 498840
 498840
 276872
 276872
 276872
 276872
 322280
 322280
 355688
 379968
 398864
 398864
 398864
 429064
 440104
 454544
 483064
 483064
 499016
 499016
 276872
 276872
 276872
 325360
 322280
 322280
 355688
 379968
 398864
 398864
 398864
 429064
 440104
 454544
 483064
 483064
 499016
 499016
 276872
 276872
 276872
 325360
 322280
 322280
 355688
 379968
 398864
 398864
 398864
 429064
 440104
 454544
 483064
 483064
 499016
 499016
 276872
 276872
 276872
 325360
 322280
 322280
 355688
 379968
 398864
 398864
 398864
 429064
 440104
 454544
 483064
 483064
 499016
 499016
 276872
 276872
 292968
 322336
 322336
 352408
 352408
 382960
 385272
 385272
 419992
 444640
 451392
 451392
 490728
 490728
 506640
 523728
 523728
 276872
 276872
 276872
 276872
 322280
 322280
 355688
 379968
 398864
 398864
 398864
 429064
 440104
 454544
 483064
 483064
 499016
 499016
 276872
 276872
 276872
 325360
 322280
 322280
 355688
 379968
 398864
 398864
 398864
 429064
 440104
 454544
 483064
 483064
 499096
 499096
 276952
 278320
 278320
 308728
 324472
 353000
 353000
 384640
 389200
 389200
 416776
 445232
 451888
 462928
 492328
 506912
 522432
 522432
 522432
 276952
 276952
 276952
 276952
 322360
 322360
 355768
 380048
 398944
 398944
 398944
 429144
 440184
 454624
 483144
 483144
 499096
 499096
 276952
 276952
 276952
 325440
 322360
 322360
 355768
 380048
 398944
 398944
 398944
 429144
 440184
 454624
 483144
 483144
 499096
 499096
 276952
 276952
 276952
 325440
 322360
 322360
 355768
 380048
 398944
 398944
 398944
 429144
 440184
 454624
 483144
 483144
 499096
 499096
 276952
 276952
 276952
 325440
 322360
 322360
 355768
 380048
 398944
 398944
 398944
 429144
 440184
 454624
 483144
 483144
 499096
 499096
 276952
 276952
 276952
 325440
 322360
 322360
 355768
 380048
 381416
 381416
 425480
 427568
 441528
 456576
 487736
 493064
 503120
 519872
 519872
 282744
 276952
 276952
 276952
 320848
 320848
 351944
 353928
 382528
 388256
 400080
 419656
 419656
 446232
 446232
 490296
 492384
 506120
 521392
 278624
 276952
 276952
 276952
 276952
 322360
 322360
 355768
 380048
 398944
 398944
 398944
 429144
 440184
 454624
 483144
 483144
 499096
 499096
 276952
 276952
 276952
 325440
 322360
 322360
 355768
 380048
 398944
 398944
 398944
 429144
 440184
 454624
 483144
 483144
 499096
 499096
 276952
 276952
 276952
 325440
 322360
 322360
 355768
 380048
 398944
 398944
 398944
 429144
 440184
 454912
 484328
 504104
 501112
 501112
 276952
 276952
 276952
 276952
 322360
 322360
 355768
 380048
 398944
 398944
 398944
 429144
 440184
 454624
 483144
 483144
 499240
 499240
 276952
 276952
 276952
 325440
 322360
 322360
 355768
 380048
 398944
 398944
 398944
 429144
 440184
 454624
 483144
 483144
 499096
 499096
 276952
 276952
 276952
 325440
 322360
 322360
 355768
 380048
 398944
 398944
 398944
 429144
 440184
 454624
 483144
 483144
 499096
 499096
 276952
 276952
 276952
 325440
 322360
 322360
 355768
 380048
 398944
 398944
 398944
 429144
 440184
 454624
 483144
 483144
 499096
 499096
 276952
 276952
 276952
 325440
 322360
 322360
 355768
 380048
 398944
 398944
 398944
 429144
 440184
 454624
 483144
 483144
 499096
 499096
 276952
 276952
 276952
 325440
 322360
 322360
 355768
 380048
 398944
 398944
 398944
 429144
 440184
 454624
 483144
 483144
 499096
 499096
 276952
 276952
 276952
 325440
 322360
 322360
 355768
 380048
 398944
 398944
 398944
 429144
 440184
 454624
 483144
 483144
 499096
 499096
 276952
 276952
 276952
 325440
 322360
 322360
 355768
 380048
 381416
 381416
 425480
 427568
 441528
 456576
 487736
 493064
 503120
 519872
 519872
 282744
 276952
 276952
 276952
 276952
 322360
 322360
 351960
 381360
 387072
 398112
 413320
 413320
 457616
 457616
 489048
 490416
 504320
 525264
 278624
 276952
 276952
 276952
 276952
 322360
 322360
 355768
 380048
 398944
 398944
 398944
 429144
 440184
 454624
 483144
 483144
 499096
 499096
 276952
 276952
 276952
 325440
 322360
 322360
 355768
 380048
 398944
 398944
 398944
 429144
 440184
 454624
 483144
 483144
 499096
 499096
 276952
 276952
 276952
 325440
 322360
 322360
 355768
 380048
 398944
 398944
 398944
 429144
 440184
 454624
 483144
 483144
 499096
 499096
 276952
 276952
 276952
 325440
 322360
 322360
 355768
 380048
 398944
 398944
 398944
 429144
 440184
 454624
 483144
 483144
 499096
 499096
 276952
 276952
 276952
 320864
 320864
 320864
 353832
 383248
 388256
 400032
 419624
 419624
 446232
 446232
 490232
 492432
 506240
 521312
 278648
 276952
 276952
 276952
 276952
 322360
 322360
 355768
 380048
 398944
 398944
 398944
 429144
 440184
 454624
 483144
 483144
 499096
 499096
 276952
 276952
 276952
 325440
 322360
 322360
 355768
 380048
 398944
 398944
 398944
 429144
 440184
 454624
 483144
 483144
 499096
 499096
 276952
 276952
 276952
 320336
 322504
 322504
 356568
 382672
 387840
 387840
 414808
 414808
 463760
 460960
 494872
 494872
 507112
 526064
 526064
 276952
 276952
 276952
 325440
 322360
 322360
 355768
 380048
 398944
 398944
 398944
 429144
 440184
 454624
 483144
 483144
 499096
 499096
 276952
 276952
 276952
 325440
 322360
 322360
 355768
 380048
 398944
 398944
 398944
 429144
 440184
 454624
 483144
 483144
 499096
 499096
 276952
 276952
 276952
 325440
 322360
 322360
 355768
 380048
 398944
 398944
 398944
 429144
 440184
 454624
 483144
 483144
 499096
 499096
 276952
 276952
 276952
 325440
 322360
 322360
 355768
 380048
 398944
 398944
 398944
 429144
 440184
 454624
 483144
 483144
 499096
 499096
 276952
 278320
 278320
 308728
 324472
 353000
 353000
 384640
 389200
 389200
 416776
 445232
 451888
 462928
 492328
 506912
 522432
 522432
 522432
 276952
 276952
 276952
 276952
 322360
 322360
 355768
 380048
 398944
 398944
 398944
 429144
 440184
 454624
 483144
 483144
 499096
 499096
 276952
 276952
 276952
 325440
 322360
 322360
 355768
 380048
 398944
 398944
 398944
 429144
 440184
 454624
 483144
 483144
 499096
 499096
 276952
 278176
 278176
 322960
 324376
 352968
 352968
 383648
 389168
 389168
 416776
 445408
 451760
 462976
 492392
 492392
 522368
 522368
 522368
 276952
 276952
 276952
 276952
 322360
 322360
 355768
 380048
 398944
 398944
 398944
 429144
 440184
 454624
 483144
 483144
 499096
 499096
 276952
 276952
 276952
 325440
 322360
 322360
 355768
 380048
 398944
 398944
 398944
 429144
 440184
 454624
 483144
 483144
 499096
 499096
 276952
 276952
 276952
 325440
 322360
 322360
 355768
 380048
 398944
 398944
 398944
 429144
 440184
 454624
 483144
 483144
 499240
 499240
 276952
 276952
 276952
 325440
 322360
 322360
 355768
 380048
 398944
 398944
 398944
 429144
 440184
 454624
 483144
 483144
 499096
 499096
 276952
 276952
 276952
 325440
 322360
 322360
 355768
 380048
 398944
 398944
 398944
 429144
 440184
 454624
 483144
 483144
 499096
 499096
 276952
 276952
 276952
 325440
 322360
 322360
 355768
 380048
 398944
 398944
 398944
 429144
 440184
 454624
 483144
 483144
 499240
 499240
 276952
 276952
 276952
 276952
 322360
 322360
 355768
 380048
 398944
 398944
 398944
 429144
 440328
 460064
 485112
 486480
 500720
 282704
 276952
 276952
 276952
 276952
 322360
 322360
 355768
 380048
 398944
 398944
 398944
 429144
 440184
 454624
 483144
 483144
 499096
 499096
 276952
 276952
 276952
 325440
 322360
 322360
 355768
 380048
 398944
 398944
 398944
 429144
 440184
 454624
 483144
 483144
 499096
 499096
 276952
 276952
 276952
 325440
 322360
 322360
 355768
 380048
 398944
 398944
 410728
 424408
 440272
 456928
 486344
 492296
 503128
 282672
 276952
 276952
 276952
 276952
 322360
 322360
 355768
 380048
 398944
 398944
 398944
 429144
 440184
 454624
 483144
 483144
 499096
 499096
 276952
 276952
 276952
 325440
 322360
 322360
 355768
 380048
 399456
 399456
 425448
 427448
 441472
 461696
 487640
 493096
 503096
 519800
 519800
 282760
 276952
 276952
 276952
 325440
 322360
 322360
 355768
 380048
 398944
 398944
 398944
 429144
 440184
 454624
 483144
 483144
 499096
 499096
 276952
 276952
 276952
 325440
 322360
 322360
 355768
 380048
 398944
 398944
 398944
 429144
 440184
 454624
 483144
 483144
 499096
 499096
 276952
 276952
 276952
 325440
 322360
 322360
 355768
 380048
 398944
 398944
 398944
 429144
 440184
 454624
 483144
 483144
 499096
 499096
 276952
 276952
 276952
 320848
 320848
 351944
 353928
 382528
 388256
 400080
 419656
 419656
 446232
 446232
 490296
 492384
 506120
 521392
 278664
 276952
 276952
 276952
 276952
 322360
 322360
 355768
 380048
 398944
 398944
 398944
 429144
 440184
 454624
 483144
 483144
 499096
 499096
 276952
 276952
 276952
 325440
 322360
 322360
 355768
 380048
 398944
 398944
 410872
 429560
 440328
 457024
 486424
 492264
 503176
 282672
 276952
 276952
 276952
 276952
 322360
 322360
 355768
 380048
 398944
 398944
 398944
 429144
 440184
 454624
 483144
 483144
 499096
 499096
 276952
 276952
 276952
 325440
 322360
 322360
 355768
 380048
 398944
 398944
 398944
 429144
 440184
 454624
 483144
 483144
 499096
 499096
 276952
 276952
 276952
 325440
 322360
 322360
 355768
 380048
 398944
 398944
 398944
 425600
 439728
 460448
 485768
 491880
 501320
 282664
 276952
 276952
 276952
 276952
 322360
 322360
 355768
 380048
 398944
 398944
 398944
 429144
 440184
 454624
 483144
 483144
 499096
 499096
 276952
 276952
 276952
 325440
 322360
 322360
 355768
 380048
 398944
 398944
 398944
 429144
 440184
 454624
 483144
 483144
 499096
 499096
 276952
 276952
 276952
 325440
 322360
 322360
 355768
 380048
 399456
 399456
 430568
 427472
 441504
 456544
 487688
 493032
 503160
 519872
 519872
 282680
 276952
 276952
 276952
 276952
 322360
 322360
 355768
 380048
 398944
 396144
 430056
 430056
 442296
 461248
 487080
 488448
 502520
 518928
 278624
 276952
 276952
 276952
 276952
 322360
 322360
 355768
 380048
 398944
 398944
 398944
 429144
 440184
 454624
 483144
 483144
 499096
 499096
 276952
 276952
 276952
 325440
 322360
 322360
 355768
 380048
 398944
 398944
 398944
 429144
 440184
 454624
 483144
 483144
 499096
 499096
 276952
 276952
 276952
 325440
 322360
 322360
 355768
 380048
 398944
 398944
 398944
 429144
 440184
 454624
 483144
 483144
 499096
 499096
 276952
 276952
 276952
 325440
 322360
 322360
 355768
 380048
 398944
 398944
 398944
 429144
 440184
 454624
 483144
 483144
 499096
 499096
 276952
 276952
 276952
 325440
 322360
 322360
 355768
 380048
 398944
 398944
 398944
 429144
 440184
 454624
 483144
 483144
 499096
 499096
 276952
 276952
 276952
 325440
 322360
 322360
 355768
 380048
 398944
 398944
 398944
 429144
 440184
 454624
 483144
 483144
 499096
 499096
 276952
 278176
 278176
 322960
 324376
 352968
 352968
 383648
 389168
 389168
 416776
 445408
 451760
 462976
 492392
 492392
 522368
 522368
 522368
 276952
 276952
 276952
 276952
 322360
 322360
 355768
 380048
 398944
 398944
 398944
 429144
 440184
 454624
 483144
 483144
 499096
 499096
 276952
 276952
 276952
 325440
 322360
 322360
 355768
 380048
 398944
 398944
 398944
 429144
 440184
 454624
 483144
 483144
 499096
 499096
 276952
 276952
 276952
 325440
 322360
 322360
 355768
 380048
 398944
 398944
 398944
 429144
 440184
 454624
 483144
 483144
 499096
 499096
 276952
 276952
 276952
 325440
 322360
 322360
 355768
 380048
 381416
 381416
 425480
 427568
 441528
 456576
 487736
 493064
 503120
 519872
 519872
 282760
 276952
 276952
 276952
 325440
 322360
 322360
 355768
 380048
 398944
 398944
 398944
 429144
 440184
 454624
 483144
 483144
 499096
 499096
 276952
 276952
 276952
 325440
 322360
 337232
 350904
 382016
 383384
 383384
 418888
 429536
 458128
 458128
 489704
 494376
 504920
 521840
 521840
 276952
 276952
 276952
 320336
 322504
 322504
 356568
 382672
 387840
 387840
 414808
 414808
 463760
 460960
 494872
 494872
 507112
 526064
 526064
 276952
 276952
 276952
 325440
 322360
 322360
 355768
 380048
 398944
 398944
 398944
 429144
 440184
 454624
 483144
 483144
 499096
 499096
 276952
 276952
 276952
 325440
 322360
 322360
 355768
 380048
 398944
 398944
 398944
 429144
 440184
 454624
 483144
 483144
 499096
 499096
 276952
 276952
 293048
 322416
 322416
 352488
 352488
 383040
 385352
 385352
 420072
 444720
 451472
 451472
 490808
 490808
 506720
 523808
 523808
 276952
 276952
 276952
 276952
 322360
 322360
 355768
 380048
 398944
 398944
 398944
 429144
 440184
 454624
 483144
 483144
 499096
 499096
 276952
 276952
 276952
 325440
 322360
 322360
 355768
 380048
 398944
 398944
 398944
 429144
 440184
 454624
 483144
 483144
 499096
 499096
 276952
 276952
 276952
 325440
 322360
 322360
 355768
 380048
 398944
 398944
 398944
 429144
 440184
 454624
 483144
 483144
 499096
 513968
 276952
 276952
 276952
 325440
 322360
 322360
 355768
 380048
 398944
 398944
 398944
 429144
 440184
 454624
 483144
 483144
 499096
 499096
 276952
 276952
 276952
 325440
 322360
 322360
 355768
 380048
 398944
 398944
 398944
 429144
 440184
 454624
 483144
 483144
 499096
 499096
 276952
 276952
 276952
 325440
 322360
 322360
 355768
 380048
 398944
 398944
 398944
 429144
 440184
 460160
 484984
 499496
 500664
 500664
 276952
 276952
 276952
 276952
 322360
 322360
 351416
 382576
 387872
 387872
 414760
 414760
 463728
 460960
 494840
 494840
 507160
 520816
 520816
 276952
 276952
 276952
 325440
 322360
 322360
 355768
 380048
 398944
 398944
 398944
 429144
 440184
 454624
 483144
 483144
 499096
 499096
 276952
 276952
 276952
 325440
 322360
 322360
 355768
 380048
 398944
 398944
 398944
 429144
 440184
 454624
 483144
 483144
 499096
 499096
 276952
 276952
 276952
 325440
 322360
 322360
 355768
 380048
 398944
 398944
 398944
 429144
 440184
 454624
 483144
 483144
 499096
 499096
 276952
 276952
 276952
 325440
 322360
 322360
 355768
 380048
 398944
 398944
 398944
 429144
 440184
 454624
 483144
 483144
 499096
 499096
 276952
 276952
 276952
 325440
 322360
 337232
 350904
 382016
 383384
 383384
 418888
 429536
 458128
 458128
 489704
 494376
 504920
 521840
 521840
 276952
 276952
 276952
 320336
 322504
 322504
 356568
 382672
 387840
 387840
 414808
 414808
 463760
 460960
 494872
 494872
 507112
 526064
 526064
 276952
 276952
 276952
 325440
 322360
 322360
 355768
 380048
 398944
 398944
 398944
 429144
 440184
 454624
 483144
 483144
 499096
 499096
 276952
 276952
 276952
 325440
 322360
 322360
 355768
 380048
 398944
 398944
 398944
 429144
 440184
 454624
 483144
 483144
 499096
 499096
 276952
 276952
 276952
 325440
 322360
 322360
 351960
 381360
 387072
 398112
 413320
 413320
 457616
 457616
 489048
 490416
 504320
 525264
 278664
 276952
 276952
 276952
 276952
 322360
 322360
 355768
 380048
 398944
 398944
 398944
 429144
 440184
 454624
 483144
 483144
 499096
 513904
 277032
 277032
 277032
 325520
 322440
 322440
 352040
 381440
 387152
 398192
 413400
 413400
 457696
 457696
 489128
 490496
 504400
 525344
 278744
 277032
 277032
 277032
 277032
 322440
 322440
 355848
 380128
 399024
 399024
 399024
 429224
 440264
 454704
 483224
 483224
 499176
 499176
 277032
 277032
 277032
 325520
 322440
 322440
 355848
 380128
 399024
 399024
 399024
 429224
 440264
 454704
 483224
 483224
 499176
 499176
 277032
 277032
 277032
 325520
 322440
 322440
 355848
 380128
 399024
 399024
 399024
 429224
 440264
 454704
 483224
 483224
 499176
 499176
 277032
 277032
 277032
 325520
 322440
 322440
 355848
 380128
 399024
 399024
 399024
 429224
 440264
 454992
 484408
 504184
 501192
 501192
 277032
 277032
 292984
 321456
 321456
 352536
 352536
 383216
 385384
 385384
 420088
 431584
 451456
 451456
 495944
 495944
 521936
 523984
 523984
 277032
 277032
 277032
 277032
 322440
 322440
 355848
 380128
 399024
 399024
 399024
 429224
 440344
 460320
 485144
 499656
 500824
 500824
 277112
 277112
 277112
 277112
 322520
 322520
 355928
 380208
 399104
 399104
 399104
 429304
 440344
 454784
 483304
 483304
 499256
 514128
 277112
 277112
 277112
 325600
 322520
 322520
 355928
 380208
 399104
 399104
 399104
 429304
 440344
 454784
 483304
 483304
 499256
 499256
 277112
 277112
 277112
 325600
 322520
 322520
 355928
 380208
 399104
 399104
 399104
 429304
 440344
 454784
 483304
 483304
 499256
 499256
 277112
 277112
 277112
 325600
 322520
 322520
 355928
 380208
 399104
 399104
 399104
 425696
 439896
 460784
 485912
 487000
 501552
 282920
 277192
 277192
 277192
 277192
 322600
 322600
 356008
 380288
 399184
 399184
 399184
 429384
 440424
 454864
 484040
 498712
 499760
 516176
 277192
 277192
 277192
 277192
 322600
 322600
 356008
 380288
 399184
 399184
 399184
 429384
 440424
 454864
 483384
 483384
 499336
 499336
 277192
 277192
 277192
 325680
 322600
 322600
 356008
 380288
 399184
 399184
 399184
 429384
 440424
 454864
 483384
 483384
 499336
 499336
 277192
 277192
 277192
 321104
 321104
 321104
 354072
 383488
 388496
 400272
 419864
 419864
 446472
 446472
 490472
 492672
 506480
 521552
 278904
 277192
 277192
 277192
 277192
 322600
 322600
 356008
 380288
 399184
 399184
 399184
 429384
 440424
 454864
 483384
 483384
 499336
 499336
 277192
 277192
 277192
 325680
 322600
 322600
 356008
 380288
 399184
 399184
 399184
 429384
 440424
 454864
 483384
 483384
 499336
 499336
 277192
 277192
 277192
 325680
 322600
 322600
 356008
 380288
 399184
 399184
 399184
 429384
 440424
 454864
 483384
 483384
 499480
 499480
 277192
 277192
 277192
 325680
 322600
 322600
 356008
 380288
 381656
 381656
 425720
 427808
 441768
 456816
 487976
 493304
 503360
 520112
 520112
 282992
 277192
 277192
 277192
 277192
 322600
 322600
 356008
 380288
 399184
 399184
 399184
 429384
 440424
 454864
 483384
 483384
 499336
 499336
 277192
 277192
 277192
 325680
 322600
 322600
 356008
 380288
 399184
 399184
 399184
 429384
 440424
 454864
 483384
 483384
 499336
 499336
 277192
 277192
 277192
 325680
 322600
 322600
 356008
 380288
 399184
 399184
 399184
 429384
 440424
 454864
 483384
 483384
 499336
 499336
 277192
 277192
 277192
 325680
 322600
 322600
 356008
 380288
 399184
 399184
 399184
 429384
 440424
 454864
 483384
 483384
 499336
 499336
 277192
 277192
 277192
 325680
 322600
 322600
 356008
 380800
 386992
 386992
 426200
 426200
 442360
 459184
 488600
 493656
 505384
 525024
 525024
 278112
 277192
 277192
 277192
 325680
 322600
 322600
 356008
 380288
 381656
 381656
 425720
 427808
 441768
 456816
 487976
 493304
 503360
 520112
 520112
 282960
 277192
 277192
 277192
 277192
 322600
 322600
 356008
 380288
 399184
 399184
 399184
 429384
 440424
 454864
 483384
 483384
 499336
 499336
 277192
 277192
 277192
 321104
 321104
 321104
 354072
 383488
 388496
 400272
 419864
 419864
 446472
 446472
 490472
 492672
 506480
 521552
 278904
 277192
 277192
 277192
 277192
 322600
 322600
 356008
 380288
 399184
 399184
 399184
 429384
 440424
 455296
 484696
 499224
 501448
 501448
 277192
 277192
 277192
 277192
 322600
 322600
 356008
 380288
 399184
 399184
 399184
 429384
 440424
 454864
 483384
 483384
 499336
 499336
 277192
 277192
 277192
 325680
 322600
 322600
 356008
 380288
 399184
 399184
 399184
 429384
 440424
 454864
 483384
 483384
 499336
 499336
 277192
 277192
 277192
 325680
 322600
 322600
 356008
 380288
 399184
 399184
 399184
 429384
 440424
 454864
 483384
 483384
 499336
 499336
 277192
 277192
 277192
 325680
 322600
 322600
 356008
 380288
 399184
 399184
 399184
 429384
 440424
 454864
 483384
 483384
 499336
 499336
 277192
 277192
 277192
 325680
 322600
 322600
 356008
 380288
 399184
 399184
 399184
 429384
 440424
 454864
 483384
 483384
 499336
 514208
 277192
 277192
 277192
 325680
 322600
 322600
 356008
 380288
 399184
 399184
 399184
 429384
 440424
 454864
 483384
 483384
 499336
 499336
 277192
 277192
 277192
 325680
 322600
 322600
 356008
 380288
 399184
 399184
 399184
 429384
 440424
 454864
 483384
 483384
 499336
 499336
 277192
 277192
 277192
 325680
 322600
 322600
 356008
 380288
 381656
 381656
 425720
 427808
 441768
 456816
 487976
 493304
 503360
 520112
 520112
 282984
 277192
 277192
 277192
 277192
 322600
 322600
 356008
 380288
 399184
 399184
 399184
 429384
 440424
 454864
 483384
 483384
 499336
 499336
 277192
 277192
 277192
 325680
 322600
 322600
 356008
 380288
 399184
 399184
 399184
 429384
 440424
 454864
 483384
 483384
 499336
 499336
 277192
 277192
 277192
 325680
 322600
 322600
 356008
 380288
 399184
 399184
 399184
 429384
 440424
 454864
 483384
 483384
 499336
 499336
 277192
 277192
 277192
 325680
 322600
 322600
 356008
 380288
 399184
 399184
 399184
 429384
 440424
 454864
 483384
 483384
 499336
 499336
 277192
 277192
 277192
 325680
 322600
 322600
 356008
 380800
 386992
 386992
 426200
 426200
 442360
 459184
 488600
 493656
 505384
 525024
 525024
 277192
 277192
 277192
 325680
 322600
 337328
 356360
 382144
 383528
 383528
 419128
 429728
 458336
 458336
 489944
 494536
 505248
 522128
 522128
 277192
 277192
 277192
 325680
 322600
 322600
 356008
 380288
 399184
 399184
 399184
 429384
 440424
 454864
 483384
 483384
 499336
 499336
 277192
 277192
 277192
 325680
 322600
 322600
 356008
 380288
 399184
 399184
 399184
 429384
 440424
 454864
 483384
 483384
 499336
 499336
 277192
 277192
 277192
 325680
 322600
 322600
 352200
 381600
 387312
 398352
 413560
 413560
 457856
 457856
 489288
 490656
 504560
 525504
 278904
 280128
 277192
 277192
 277192
 277192
 322600
 337472
 351144
 382256
 383624
 383624
 419128
 429776
 458368
 458368
 489944
 494616
 505160
 522080
 522080
 277192
 277192
 277192
 325680
 322600
 322600
 356008
 380288
 399184
 399184
 399184
 429384
 440424
 454864
 483384
 483384
 499336
 499336
 277192
 277192
 277192
 325680
 322600
 322600
 356008
 380288
 399184
 399184
 399184
 429384
 440424
 454864
 483384
 483384
 499336
 499336
 277192
 277192
 277192
 325680
 322600
 322600
 356008
 380288
 399184
 399184
 399184
 429384
 440424
 455296
 484696
 499224
 501448
 501448
 277192
 277192
 277192
 277192
 322600
 322600
 356008
 380288
 399184
 399184
 399184
 429384
 440424
 454864
 483384
 483384
 499336
 499336
 277192
 277192
 277192
 325680
 322600
 322600
 356008
 380288
 399184
 399184
 399184
 429384
 440424
 454864
 483384
 483384
 499336
 499336
 277192
 277192
 277192
 325680
 322600
 322600
 356008
 380944
 386896
 386896
 426232
 426232
 442368
 459232
 488632
 493688
 505384
 525120
 525120
 277192
 277192
 277192
 277192
 322600
 322600
 322600
 380288
 399184
 399184
 399184
 429384
 440424
 454864
 483384
 483384
 499336
 499336
 277192
 277192
 277192
 325680
 322600
 322600
 356008
 380288
 399184
 399184
 399184
 429384
 440424
 454864
 483384
 483384
 499336
 499336
 277192
 277192
 277192
 325680
 322600
 322600
 356008
 380288
 399184
 399184
 399184
 429384
 440424
 454864
 483384
 483384
 499336
 499336
 277192
 277192
 277192
 325680
 322600
 322600
 356008
 380288
 399184
 399184
 399184
 429384
 440424
 454864
 483384
 483384
 499336
 499336
 277192
 277192
 277192
 325680
 322600
 322600
 356008
 380288
 399184
 399184
 399184
 429384
 440424
 454864
 483384
 483384
 499336
 499336
 277192
 277192
 277192
 325680
 322600
 322600
 356008
 380288
 399184
 399184
 399184
 429384
 440424
 454864
 483384
 483384
 499336
 499336
 277192
 277192
 277192
 325680
 322600
 322600
 356008
 380288
 399184
 399184
 399184
 429384
 440424
 454864
 483384
 483384
 499336
 499336
 282400
 277192
 277192
 277192
 325680
 322600
 337472
 351144
 382256
 383624
 383624
 419128
 429776
 458368
 458368
 489944
 494616
 505160
 522080
 522080
 277192
 277192
 277192
 325680
 322600
 322600
 356008
 380288
 399184
 399184
 399184
 429384
 440424
 454864
 483384
 483384
 499336
 499336
 282384
 277192
 277192
 277192
 325680
 322600
 322600
 356008
 380288
 399184
 399184
 399184
 429384
 440424
 454864
 483384
 483384
 499336
 499336
 277192
 277192
 277192
 325680
 322600
 337472
 351144
 382256
 383624
 383624
 419128
 429776
 458368
 458368
 489944
 494616
 505160
 522080
 522080
 277192
 277192
 277192
 325680
 322600
 322600
 352056
 381472
 387376
 398256
 431832
 431832
 457824
 457824
 489272
 490656
 504632
 525408
 278880
 277192
 277192
 277192
 277192
 322600
 322600
 356008
 380288
 399184
 399184
 399184
 429384
 440424
 454864
 483384
 483384
 499336
 499336
 277192
 277192
 277192
 325680
 322600
 322600
 356008
 380288
 399184
 399184
 399184
 429384
 440424
 454864
 483384
 483384
 499336
 499336
 277192
 277192
 277192
 325680
 322600
 322600
 356008
 380288
 399184
 399184
 399184
 429384
 440424
 454864
 483384
 483384
 499336
 499336
 277192
 277192
 277192
 325680
 322600
 322600
 356008
 380288
 399184
 399184
 399184
 429384
 440424
 454864
 483384
 483384
 499336
 499336
 277192
 278496
 278496
 323280
 324696
 353288
 353288
 383968
 389488
 389488
 417096
 445728
 452080
 463296
 492712
 492712
 522688
 522688
 522688
 279864
 277272
 277272
 277272
 325760
 322680
 322680
 356088
 380368
 399264
 399264
 399264
 429464
 440504
 454944
 483464
 483464
 499416
 514144
 277272
 277272
 277272
 325760
 322680
 322680
 356088
 380368
 399264
 399264
 399264
 429464
 440504
 454944
 483464
 483464
 499416
 499416
 277272
 277272
 277272
 325760
 322680
 322680
 356088
 380368
 399264
 399264
 399264
 429464
 440504
 454944
 483464
 483464
 499416
 499416
 277272
 277272
 277272
 325760
 322680
 322680
 356088
 380368
 399264
 399264
 399264
 429464
 440504
 454944
 483464
 483464
 499416
 499416
 277272
 277272
 277272
 321184
 321184
 321184
 354152
 383568
 388576
 400496
 419720
 444656
 447128
 447128
 492232
 493760
 513152
 513152
 277272
 277272
 277272
 325760
 322680
 322680
 356088
 380368
 399264
 396464
 430376
 430376
 442616
 461568
 487400
 488768
 502840
 519248
 278976
 277272
 277272
 277272
 277272
 322680
 322680
 356088
 380368
 399264
 399264
 399264
 429464
 440504
 454944
 483464
 483464
 499416
 499416
 277272
 277272
 277272
 325760
 322680
 322680
 356088
 380368
 399264
 399264
 399264
 429464
 440504
 454944
 483464
 483464
 499416
 499416
 277272
 277272
 277272
 325760
 322680
 322680
 356088
 380368
 399264
 399264
 399264
 429464
 440504
 454944
 483464
 483464
 499416
 514288
 278840
 277272
 282680
 282680
 325760
 322680
 322680
 356088
 380368
 399264
 399264
 399264
 429464
 440504
 454944
 483464
 483464
 499416
 499416
 277272
 277272
 277272
 325760
 322680
 322680
 356088
 380368
 399264
 399264
 399264
 429464
 440504
 454944
 483464
 483464
 499416
 499416
 277272
 277272
 277272
 325760
 322680
 322680
 356088
 380368
 399264
 399264
 399264
 429464
 440504
 454944
 483464
 483464
 499416
 499416
 277272
 277272
 277272
 325760
 322680
 322680
 356088
 380368
 399264
 396464
 430376
 430376
 442616
 461568
 487400
 488768
 502840
 519248
 278984
 277272
 277272
 277272
 321184
 321184
 352264
 354296
 388496
 388496
 414488
 414488
 431600
 447560
 447560
 492664
 494192
 512944
 512944
 277272
 277272
 277272
 277272
 322680
 322680
 356088
 380368
 399264
 399264
 399264
 429464
 440504
 454944
 483464
 483464
 499416
 499416
 277272
 277272
 277272
 325760
 322680
 322680
 356088
 380368
 399264
 399264
 399264
 429464
 440504
 454944
 483464
 483464
 499416
 499416
 277272
 277272
 277272
 325760
 322680
 322680
 356088
 380368
 399264
 399264
 399264
 429464
 440504
 454944
 483464
 483464
 499416
 499416
 277272
 277272
 277272
 325760
 322680
 322680
 356088
 380368
 399264
 399264
 399264
 429464
 440504
 455376
 484776
 499304
 501528
 501528
 277272
 277272
 277272
 277272
 322680
 322680
 356088
 380368
 399264
 399264
 399264
 429464
 440504
 454944
 483464
 483464
 499416
 499416
 277272
 277272
 277272
 325760
 322680
 322680
 356088
 380368
 399264
 399264
 399264
 425920
 440048
 460768
 486088
 492200
 501640
 282984
 277272
 277272
 277272
 277272
 322680
 322680
 356088
 380368
 399264
 399264
 399264
 429464
 440504
 454944
 483464
 483464
 499416
 499416
 277272
 277272
 277272
 325760
 322680
 322680
 356088
 380368
 399264
 399264
 399264
 429464
 440504
 454944
 483464
 483464
 499416
 499416
 277272
 277272
 277272
 325760
 322680
 322680
 356088
 380368
 399264
 399264
 399264
 429464
 440504
 454944
 483464
 483464
 499416
 499416
 277272
 277272
 277272
 325760
 322680
 322680
 356088
 380368
 399264
 396400
 396400
 430456
 442576
 461712
 487376
 488752
 502888
 519360
 279048
 277352
 277352
 277352
 277352
 322760
 322760
 356168
 380448
 399344
 399344
 399344
 429544
 440584
 455024
 483544
 483544
 499496
 499496
 277352
 277352
 277352
 325840
 322760
 322760
 356168
 380448
 399344
 399344
 399344
 429544
 440584
 455024
 483544
 483544
 499496
 499496
 277352
 277352
 277352
 325840
 322760
 322760
 356168
 380448
 399344
 399344
 399344
 429544
 440584
 455024
 483544
 484768
 499248
 499248
 277352
 277352
 277352
 320736
 322904
 322904
 356968
 383072
 388240
 388240
 415208
 415208
 464160
 461360
 495272
 495272
 507512
 526464
 526464
 277352
 277352
 277352
 325840
 322760
 322760
 356168
 380448
 399344
 399344
 399344
 429544
 440584
 455024
 483544
 483544
 499496
 499496
 277352
 277352
 277352
 325840
 322760
 337488
 356552
 382288
 383664
 383664
 414184
 429840
 458528
 458528
 489640
 489640
 525904
 522912
 283120
 277352
 277352
 277352
 277352
 322760
 322760
 356168
 380448
 399344
 399344
 399344
 429544
 440584
 455024
 483544
 483544
 499496
 499496
 277352
 277352
 277352
 325840
 322760
 322760
 356168
 380448
 399344
 399344
 399344
 429544
 440584
 455024
 483544
 483544
 499496
 499496
 277352
 277352
 277352
 325840
 322760
 322760
 356168
 380448
 399344
 399344
 399344
 429544
 440584
 455024
 483544
 483544
 499496
 499496
 277352
 277352
 277352
 325840
 322760
 322760
 356168
 380448
 399344
 399344
 399344
 429544
 440584
 455024
 483544
 483544
 499496
 499496
 277352
 277352
 277352
 325840
 322760
 322760
 352360
 381760
 387472
 398512
 413720
 413720
 458016
 458016
 489448
 490816
 504720
 525664
 279064
 277352
 277352
 277352
 277352
 322760
 322760
 356168
 381104
 387056
 387056
 426392
 426392
 442528
 459392
 488792
 493848
 505544
 525280
 525280
 277352
 277352
 277352
 277352
 322760
 322760
 322760
 380448
 399344
 399344
 399344
 429544
 440584
 455024
 484056
 498840
 499848
 516216
 277352
 277352
 277352
 277352
 322760
 322760
 356168
 380448
 399856
 399856
 430968
 427872
 441904
 456944
 488088
 493432
 503560
 520272
 520272
 283064
 277352
 277352
 277352
 277352
 322760
 322760
 356168
 380448
 399344
 399344
 399344
 429544
 440584
 455024
 483544
 483544
 499496
 499496
 277352
 277352
 277352
 325840
 322760
 322760
 356168
 380448
 399344
 399344
 399344
 429544
 440584
 455024
 483544
 483544
 499496
 499496
 277352
 277352
 277352
 325840
 322760
 322760
 356168
 380448
 399344
 399344
 399344
 429544
 440584
 455024
 483544
 483544
 499496
 499496
 277352
 277352
 277352
 325840
 322760
 322760
 356168
 380448
 399344
 399344
 399344
 429544
 440584
 455024
 483544
 483544
 499496
 499496
 277352
 277352
 293448
 322816
 322816
 352888
 352888
 383440
 385752
 385752
 420472
 445120
 451872
 451872
 491208
 491208
 507120
 524208
 524208
 277352
 277352
 277352
 277352
 322760
 322760
 356168
 380448
 399344
 399344
 399344
 429544
 440584
 455024
 483544
 483544
 499496
 499496
 277352
 277352
 277352
 325840
 322760
 322760
 356168
 380448
 399344
 399344
 399344
 429544
 440584
 455024
 483544
 483544
 499496
 499496
 277352
 278656
 278656
 323424
 324832
 358600
 358600
 384080
 389696
 389696
 417184
 445800
 452368
 463360
 492768
 492768
 522880
 522880
 522880
 277432
 277432
 277432
 277432
 322840
 322840
 356248
 380528
 399424
 399424
 399424
 429624
 440664
 455104
 483624
 483624
 499576
 514448
 277432
 277432
 277432
 325920
 322840
 337712
 351384
 382496
 383864
 383864
 419368
 430016
 458608
 458608
 490184
 494856
 505400
 522320
 522320
 277432
 277432
 277432
 325920
 322840
 322840
 356248
 380528
 399424
 399424
 399424
 429624
 440808
 460544
 485592
 486960
 501200
 283184
 277432
 277432
 277432
 277432
 322840
 322840
 356248
 380528
 399424
 399424
 411288
 424968
 440832
 457488
 486904
 492856
 503688
 283192
 277512
 277512
 277512
 277512
 322920
 322920
 356328
 380608
 399504
 399504
 399504
 426160
 440288
 461008
 486328
 492440
 501880
 283200
 277512
 277512
 277512
 277512
 322920
 322920
 356328
 380608
 399504
 399504
 399504
 429704
 440744
 455184
 483704
 483704
 499656
 499656
 277512
 277512
 277512
 326000
 322920
 322920
 356328
 380608
 399504
 399504
 399504
 429704
 440744
 455184
 483704
 483704
 499656
 499656
 277512
 277512
 277512
 326000
 322920
 322920
 356328
 380608
 381976
 381976
 426040
 428128
 442088
 457136
 488296
 493624
 503680
 520432
 520432
 283304
 277512
 277512
 277512
 277512
 322920
 322920
 356328
 380608
 400016
 400016
 426008
 428008
 442032
 462256
 488200
 493656
 503656
 520360
 520360
 283280
 277512
 277512
 277512
 277512
 322920
 322920
 356328
 380608
 399504
 399504
 399504
 429704
 440744
 455184
 483704
 483704
 499656
 499656
 277512
 277512
 277512
 326000
 322920
 322920
 356328
 380608
 399504
 399504
 399504
 429704
 440744
 455184
 483704
 483704
 499656
 499656
 277512
 277512
 277512
 320896
 323064
 323064
 357128
 383232
 388400
 388400
 415368
 415368
 464320
 461520
 495432
 495432
 507672
 526624
 526624
 277512
 277512
 277512
 326000
 322920
 337792
 351464
 382576
 383944
 383944
 419448
 430096
 458688
 458688
 490264
 494936
 505480
 522400
 522400
 277512
 277512
 277512
 326000
 322920
 322920
 356328
 380608
 399504
 399504
 399504
 429704
 440744
 455184
 483704
 483704
 499656
 499656
 277512
 277512
 277512
 326000
 322920
 322920
 356328
 380608
 399504
 399504
 399504
 429704
 440744
 455184
 483704
 483704
 499656
 499656
 277512
 277512
 277512
 326000
 322920
 322920
 356328
 380608
 399504
 399504
 399504
 429704
 440744
 455184
 483704
 483704
 499736
 499736
 277592
 277592
 277592
 326080
 323000
 323000
 356408
 380688
 399584
 399584
 399584
 429784
 440824
 455264
 483784
 483784
 499736
 499736
 277592
 278896
 278896
 323680
 325096
 353688
 353688
 384368
 389888
 389888
 417496
 446128
 452480
 463696
 493112
 493112
 523088
 523088
 523088
 277672
 277672
 277672
 277672
 323080
 323080
 356488
 380768
 399664
 399664
 399664
 429864
 440904
 455776
 485176
 499704
 501928
 501928
 277672
 277672
 277672
 277672
 323080
 323080
 356488
 380768
 399664
 399664
 399664
 429864
 440904
 455344
 483864
 483864
 499816
 499816
 277672
 277672
 277672
 326160
 323080
 323080
 356488
 380768
 399664
 399664
 399664
 429864
 440904
 455344
 483864
 483864
 499816
 499816
 277672
 277672
 277672
 326160
 323080
 323080
 356488
 381280
 387472
 387472
 426680
 426680
 442840
 459664
 489080
 494136
 505864
 525504
 525504
 277672
 277672
 277672
 326160
 323080
 323080
 356488
 380768
 399664
 399664
 399664
 429864
 440904
 455344
 483864
 483864
 499816
 499816
 277672
 277672
 277672
 326160
 323080
 323080
 356488
 380768
 399664
 399664
 399664
 429864
 440904
 455344
 483864
 483864
 499960
 499960
 277672
 277672
 277672
 326160
 323080
 323080
 356488
 380768
 399664
 396864
 430776
 430776
 443016
 461968
 487800
 489168
 503240
 519648
 279376
 277672
 277672
 277672
 277672
 323080
 323080
 356488
 380768
 399664
 399664
 399664
 429864
 440904
 455344
 483864
 483864
 499816
 499816
 277672
 277672
 277672
 326160
 323080
 323080
 356488
 380768
 399664
 399664
 399664
 429864
 440904
 455344
 483864
 483864
 499816
 499816
 277672
 277672
 277672
 326160
 323080
 323080
 356488
 380768
 399664
 399664
 399664
 429864
 440904
 455344
 483864
 483864
 499816
 499816
 277672
 277672
 277672
 326160
 323080
 323080
 356488
 380768
 399664
 399664
 399664
 429864
 440904
 455344
 484520
 499192
 500240
 516656
 277672
 277672
 277672
 277672
 323080
 323080
 356488
 380768
 399664
 399664
 399664
 429864
 440904
 455344
 483864
 483864
 499816
 499816
 277672
 277672
 277672
 326160
 323080
 323080
 356488
 380768
 399664
 399664
 399664
 429864
 440904
 455344
 483864
 483864
 499816
 499816
 277672
 277672
 277672
 326160
 323080
 323080
 356488
 380768
 399664
 399664
 399664
 429864
 440904
 455344
 483864
 483864
 499816
 499816
 277672
 277672
 277672
 326160
 323080
 323080
 356488
 380768
 399664
 399664
 399664
 429864
 440904
 455344
 483864
 483864
 499816
 499816
 277672
 277672
 277672
 326160
 323080
 323080
 356488
 380768
 399664
 399664
 399664
 429864
 440904
 455344
 483864
 483864
 499816
 499816
 277672
 277672
 277672
 326160
 323080
 323080
 352680
 382080
 387792
 398832
 414040
 414040
 445304
 445304
 494568
 505152
 525712
 525712
 279384
 277672
 277672
 277672
 277672
 323080
 323080
 356488
 380768
 399664
 399664
 399664
 429864
 440904
 455344
 483864
 483864
 499816
 499816
 277672
 277672
 277672
 326160
 323080
 323080
 356488
 380768
 399664
 399664
 399664
 429864
 440904
 455344
 483864
 483864
 499816
 499816
 277672
 277672
 277672
 326160
 323080
 323080
 356488
 380768
 399664
 399664
 399664
 429864
 440904
 455344
 483864
 483864
 499816
 499816
 277672
 277672
 277672
 326160
 323080
 323080
 356488
 380768
 399664
 399664
 399664
 429864
 440904
 455344
 483864
 485088
 499568
 499568
 277672
 277672
 277672
 277672
 323080
 323080
 356488
 380768
 399664
 399664
 399664
 429864
 440904
 455344
 483864
 483864
 499816
 499816
 277672
 277672
 277672
 326160
 323080
 323080
 356488
 380768
 399664
 399664
 399664
 429864
 440904
 455344
 483864
 483864
 499816
 499816
 277672
 277672
 277672
 326160
 323080
 323080
 356488
 380768
 399664
 399664
 430264
 430264
 461408
 458560
 487400
 503200
 505672
 505672
 277672
 277672
 277672
 326160
 323080
 323080
 356488
 380768
 399664
 399664
 399664
 429864
 440904
 455344
 483864
 483864
 499816
 499816
 277672
 277672
 277672
 326160
 323080
 323080
 356488
 380768
 399664
 399664
 399664
 429864
 440904
 455344
 483864
 483864
 499816
 499816
 277672
 277672
 277672
 326160
 323080
 323080
 356488
 380768
 399664
 399664
 399664
 429864
 440904
 455344
 483864
 483864
 499960
 499960
 277672
 277672
 277672
 277672
 323080
 323080
 356488
 380768
 399664
 399664
 399664
 429864
 440904
 460880
 485704
 500216
 501384
 501384
 277672
 277672
 293624
 322096
 322096
 353176
 353176
 383856
 386024
 386024
 420728
 432224
 452096
 452096
 496584
 496584
 522576
 524624
 524624
 277672
 277672
 277672
 277672
 323080
 323080
 356488
 380768
 399664
 399664
 399664
 429864
 440904
 455344
 483864
 483864
 499816
 499816
 277672
 277672
 277672
 326160
 323080
 337808
 356840
 382624
 384008
 384008
 419608
 430208
 458816
 458816
 490424
 495016
 505728
 522608
 522608
 277672
 277672
 277672
 326160
 323080
 323080
 356488
 380768
 399664
 399664
 399664
 429864
 440904
 455344
 483864
 483864
 499816
 499816
 277672
 277672
 277672
 326160
 323080
 323080
 356488
 380768
 399664
 399664
 399664
 429864
 440904
 455344
 483864
 483864
 499816
 499816
 277672
 277672
 277672
 326160
 323080
 337952
 351624
 382736
 384104
 384104
 419608
 430256
 458848
 458848
 490424
 495096
 505640
 522560
 522560
 277672
 277672
 293624
 322096
 322096
 353176
 353176
 383856
 386024
 386024
 420728
 432224
 452096
 452096
 496584
 496584
 522576
 524624
 524624
 277672
 277672
 277672
 277672
 323080
 323080
 356488
 380768
 399664
 399664
 399664
 429864
 440904
 455344
 483864
 483864
 499816
 499816
 277672
 277672
 277672
 326160
 323080
 323080
 356488
 380768
 399664
 399664
 399664
 429864
 440904
 455344
 483864
 483864
 499816
 499816
 277672
 277672
 277672
 326160
 323080
 323080
 356488
 380768
 399664
 399664
 399664
 429864
 440904
 455632
 485048
 504824
 501832
 283416
 277672
 277672
 277672
 277672
 323080
 323080
 356488
 380768
 399664
 399664
 399664
 429864
 440904
 455344
 483864
 483864
 499816
 499816
 277672
 277672
 277672
 326160
 323080
 323080
 356488
 380768
 399664
 399664
 399664
 429864
 440904
 455344
 483864
 483864
 499816
 499816
 277672
 277672
 277672
 326160
 323080
 323080
 356488
 380768
 399664
 399664
 399664
 429864
 440904
 455344
 483864
 483864
 499816
 499816
 277672
 277672
 277672
 326160
 323080
 323080
 356488
 380768
 399664
 399664
 399664
 429864
 440904
 455344
 483864
 483864
 499816
 499816
 277672
 277672
 277672
 326160
 323080
 323080
 356488
 380768
 399664
 399664
 399664
 429864
 440904
 455344
 483864
 483864
 499816
 499816
 277672
 277672
 277672
 326160
 323080
 323080
 356488
 381424
 387376
 387376
 426712
 426712
 442848
 459712
 489112
 494168
 505864
 525600
 525600
 277672
 277672
 277672
 277672
 323080
 323080
 323080
 380768
 399664
 399664
 399664
 429864
 440904
 455344
 483864
 485088
 499568
 499568
 277672
 277672
 277672
 277672
 323080
 323080
 356488
 380768
 399664
 399664
 399664
 429864
 440904
 455344
 483864
 483864
 499816
 499816
 277672
 277672
 277672
 326160
 323080
 323080
 356488
 380768
 399664
 399664
 399664
 429864
 440904
 455344
 483864
 485088
 499568
 499568
 277672
 277672
 277672
 277672
 323080
 323080
 356488
 380768
 399664
 399664
 399664
 429864
 440904
 455344
 483864
 483864
 499816
 499816
 277672
 277672
 277672
 326160
 323080
 337808
 356840
 382624
 384008
 384008
 419608
 430208
 458816
 458816
 495048
 495048
 521040
 523040
 283464
 277672
 277672
 277672
 277672
 323080
 323080
 356488
 380768
 399664
 399664
 399664
 429864
 440904
 455344
 483864
 498648
 499640
 499640
 277672
 277672
 277672
 277672
 323080
 323080
 356488
 380768
 399664
 399664
 399664
 429864
 440904
 455344
 483864
 483864
 499960
 499960
 277672
 277672
 277672
 326160
 323080
 323080
 356488
 380768
 399664
 399664
 399664
 429864
 440904
 455344
 483864
 483864
 499816
 499816
 277672
 277672
 277672
 326160
 323080
 323080
 356488
 380768
 382136
 382136
 426200
 428288
 442248
 457296
 488456
 493784
 503840
 520592
 520592
 283480
 277672
 277672
 277672
 277672
 323080
 323080
 356488
 380768
 399664
 399664
 399664
 429864
 440904
 455344
 483864
 483864
 499816
 499816
 277672
 277672
 277672
 326160
 323080
 323080
 356488
 381424
 387376
 387376
 426712
 426712
 442848
 459712
 489112
 494168
 505864
 525600
 525600
 277672
 278896
 278896
 323680
 325096
 325096
 325096
 384368
 389888
 389888
 417496
 446128
 452480
 463696
 493112
 493112
 523088
 523088
 523088
 277672
 277672
 277672
 277672
 323080
 323080
 356488
 380768
 399664
 399664
 399664
 429864
 440904
 455344
 483864
 483864
 499816
 499816
 277672
 277672
 277672
 326160
 323080
 323080
 356488
 380768
 399664
 399664
 399664
 429864
 440904
 455344
 483864
 483864
 499816
 499816
 277672
 277672
 277672
 326160
 323080
 323080
 356488
 380768
 399664
 399664
 399664
 426176
 440368
 461264
 486368
 487512
 501992
 283432
 277672
 277672
 277672
 277672
 323080
 337904
 356904
 382784
 384200
 384200
 419480
 430496
 445632
 445632
 489960
 489960
 521040
 523088
 523088
 277768
 277768
 277768
 277768
 323176
 323176
 356584
 380864
 399760
 399760
 399760
 429960
 441000
 455440
 483960
 483960
 499912
 499912
 277768
 277768
 277768
 326256
 323176
 323176
 356584
 380864
 382232
 382232
 426296
 428384
 442344
 457392
 488712
 488504
 504248
 521328
 521328
 277768
 277768
 277768
 277768
 323176
 323176
 356584
 380864
 399760
 399760
 399760
 429960
 441000
 455440
 483960
 483960
 499912
 499912
 277768
 277768
 277768
 326256
 323176
 323176
 356584
 380864
 399760
 399760
 399760
 429960
 441000
 455440
 483960
 483960
 499912
 499912
 277768
 277768
 277768
 321680
 321680
 321680
 354648
 384064
 389072
 400848
 420440
 420440
 447048
 447048
 491048
 493248
 507056
 522128
 279480
 277768
 277768
 277768
 277768
 323176
 323176
 356584
 380864
 399760
 399760
 399760
 429960
 441000
 455440
 483960
 483960
 499912
 499912
 277768
 277768
 277768
 326256
 323176
 323176
 356584
 380864
 399760
 399760
 411688
 430376
 441144
 457840
 487240
 493080
 503992
 283488
 277768
 277768
 277768
 277768
 323176
 323176
 352776
 382176
 387888
 398928
 414136
 414136
 458432
 458432
 489864
 491232
 505136
 526080
 279440
 277768
 277768
 277768
 277768
 323176
 338048
 351720
 382832
 384200
 384200
 419704
 430352
 458944
 458944
 490520
 495192
 505736
 522656
 522656
 277768
 277768
 277768
 326256
 323176
 323176
 356584
 380864
 399760
 399760
 399760
 429960
 441000
 455440
 484616
 499288
 500336
 516752
 277768
 277768
 277768
 277768
 323176
 323176
 356584
 380864
 399760
 399760
 399760
 429960
 441000
 455440
 483960
 483960
 499912
 499912
 277768
 277768
 277768
 326256
 323176
 323176
 356584
 380864
 399760
 399760
 399760
 429960
 441000
 455440
 483960
 483960
 499912
 499912
 277768
 277768
 277768
 326256
 323176
 323176
 356584
 380864
 399760
 399760
 399760
 429960
 441000
 455440
 483960
 483960
 499912
 499912
 277768
 277768
 277768
 326256
 323176
 323176
 356584
 380864
 399760
 399760
 399760
 429960
 441000
 455440
 483960
 483960
 499912
 499912
 277768
 277768
 277768
 321152
 323320
 323320
 357384
 383488
 388656
 388656
 415624
 415624
 464576
 461776
 495688
 495688
 508088
 521680
 521680
 277768
 277768
 277768
 277768
 323176
 337904
 356936
 382720
 384104
 384104
 419704
 430304
 458912
 458912
 490520
 495112
 505824
 522704
 522704
 277768
 277768
 277768
 326256
 323176
 323176
 356584
 380864
 399760
 399760
 399760
 429960
 441000
 455440
 483960
 483960
 499912
 499912
 277768
 277768
 277768
 326256
 323176
 323176
 356584
 380864
 399760
 399760
 399760
 429960
 441000
 455440
 483960
 483960
 499912
 499912
 277768
 278992
 278992
 323776
 325192
 353784
 353784
 384464
 389984
 389984
 417592
 446224
 452576
 463792
 493208
 493208
 523184
 523184
 523184
 277768
 277768
 277768
 277768
 323176
 323176
 356584
 380864
 399760
 399760
 399760
 429960
 441000
 455440
 484616
 499288
 500336
 516752
 277768
 277768
 277768
 321664
 321664
 352760
 354744
 383344
 389072
 400896
 420472
 420472
 447048
 447048
 491112
 493200
 506936
 522208
 279472
 277768
 277768
 277768
 277768
 323176
 323176
 356584
 380864
 399760
 399760
 399760
 429960
 441000
 455440
 483960
 483960
 499912
 499912
 277768
 277768
 277768
 326256
 323176
 323176
 356584
 380864
 399760
 399760
 399760
 429960
 441000
 455440
 483960
 483960
 499912
 499912
 277768
 277768
 277768
 326256
 323176
 323176
 356584
 380864
 399760
 399760
 399760
 429960
 441000
 455440
 483960
 483960
 499912
 499912
 277768
 277768
 277768
 326256
 323176
 323176
 356584
 380864
 399760
 399760
 399760
 429960
 441000
 460976
 485816
 505432
 501512
 283536
 277768
 278992
 278992
 309664
 325784
 345176
 345176
 386912
 402200
 402200
 433312
 434512
 451240
 467120
 496840
 496936
 514232
 514232
 277768
 277768
 277768
 277768
 323176
 323176
 356584
 380864
 399760
 399760
 399760
 429960
 441000
 455440
 483960
 483960
 499912
 499912
 277768
 277768
 277768
 326256
 323176
 323176
 356584
 380864
 399760
 399760
 399760
 429960
 441000
 455440
 483960
 483960
 499912
 499912
 277768
 277768
 277768
 326256
 323176
 323176
 356584
 380864
 399760
 399760
 399760
 429960
 441000
 455440
 483960
 483960
 499912
 499912
 277768
 277768
 277768
 326256
 323176
 323176
 356584
 380864
 399760
 399760
 399760
 429960
 441000
 455872
 485272
 499800
 502024
 502024
 277768
 277768
 277768
 277768
 323176
 323176
 356584
 380864
 399760
 399760
 399760
 429960
 441000
 455872
 485272
 499800
 502024
 502024
 277768
 277768
 277768
 277768
 323176
 323176
 356584
 380864
 399760
 399760
 411544
 425224
 441072
 457720
 487128
 493144
 503896
 283512
 277768
 277768
 277768
 277768
 323176
 323176
 356584
 380864
 399760
 399760
 399760
 429960
 441000
 455440
 483960
 483960
 499912
 499912
 277768
 277768
 277768
 326256
 323176
 323176
 356584
 380864
 399760
 399760
 399760
 429960
 441000
 455440
 483960
 483960
 499912
 499912
 277768
 277768
 277768
 326256
 323176
 323176
 356584
 380864
 400272
 400272
 431384
 428288
 442320
 457360
 488504
 493848
 503976
 520688
 520688
 283496
 277768
 277768
 277768
 321680
 321680
 321680
 354648
 384064
 389072
 400848
 420440
 420440
 447048
 447048
 491048
 493248
 507056
 522128
 279440
 277768
 277768
 277768
 277768
 323176
 323176
 356584
 380864
 399760
 399760
 399760
 429960
 441000
 455872
 485272
 499800
 502024
 502024
 277768
 277768
 293864
 323232
 323232
 353304
 353304
 383856
 386168
 386168
 420888
 445536
 452288
 452288
 491624
 491624
 507536
 524624
 524624
 277768
 277768
 277768
 277768
 323176
 323176
 356584
 380864
 399760
 399760
 399760
 429960
 441000
 455440
 483960
 483960
 499912
 499912
 277768
 277768
 277768
 326256
 323176
 323176
 356584
 380864
 399760
 399760
 399760
 429960
 441000
 455440
 483960
 483960
 499912
 499912
 277768
 277768
 277768
 326256
 323176
 323176
 356584
 380864
 399760
 399760
 399760
 429960
 441000
 455440
 483960
 483960
 499912
 499912
 277768
 277768
 277768
 326256
 323176
 323176
 356584
 380864
 399760
 399760
 399760
 429960
 441000
 455440
 483960
 483960
 499912
 499912
 277768
 277768
 277768
 326256
 323176
 323176
 356584
 380864
 399760
 399760
 399760
 429960
 441000
 455440
 483960
 483960
 499912
 499912
 277768
 277768
 277768
 326256
 323176
 323176
 356584
 380864
 399760
 399760
 399760
 429960
 441000
 455872
 485272
 499800
 502024
 502024
 277768
 277768
 277768
 277768
 323176
 323176
 356584
 380864
 399760
 399760
 411688
 430376
 441144
 457840
 487240
 493080
 503992
 283448
 277768
 277768
 277768
 277768
 323176
 323176
 356584
 380864
 399760
 399760
 399760
 429960
 441000
 455440
 483960
 483960
 499912
 499912
 277768
 277768
 293720
 322184
 322184
 353272
 353272
 383904
 386072
 386072
 420920
 432248
 452320
 452320
 491592
 491592
 507560
 524600
 524600
 277768
 279248
 279248
 309960
 326024
 345192
 345192
 386816
 386816
 407320
 419576
 434360
 469496
 466352
 495488
 496560
 283576
 277880
 277880
 277880
 277880
 323288
 323288
 356696
 380976
 399872
 399872
 399872
 430072
 441112
 455552
 484072
 484072
 500024
 500024
 277880
 277880
 277880
 326368
 323288
 323288
 356696
 380976
 399872
 399872
 399872
 430072
 441112
 455552
 484072
 484072
 500024
 500024
 277880
 277880
 277880
 326368
 323288
 323288
 356696
 380976
 399872
 399872
 399872
 430072
 441112
 455552
 484072
 484072
 500024
 500024
 277880
 277880
 277880
 326368
 323288
 338160
 351832
 382944
 384312
 384312
 419816
 430464
 464176
 464176
 495320
 505856
 526432
 523728
 283648
 277880
 279104
 279104
 323888
 325304
 353896
 353896
 384576
 390096
 390096
 417704
 446336
 452688
 463904
 493320
 493320
 523296
 523296
 523296
 277880
 277880
 277880
 277880
 323288
 338160
 351832
 382944
 384312
 384312
 419816
 430464
 459056
 459056
 490632
 495304
 505848
 522768
 522768
 277880
 277880
 277880
 326368
 323288
 323288
 356696
 380976
 399872
 399872
 399872
 430072
 441112
 455552
 484072
 484072
 500024
 500024
 277880
 277880
 277880
 326368
 323288
 323288
 356696
 380976
 399872
 399872
 399872
 430072
 441112
 455552
 484072
 484072
 500024
 500024
 277880
 277880
 277880
 326368
 323288
 323288
 356696
 380976
 399872
 399872
 399872
 430072
 441112
 455552
 484072
 484072
 500024
 500024
 277880
 277880
 277880
 326368
 323288
 323288
 356696
 380976
 399872
 399872
 399872
 430072
 441112
 455552
 484072
 484072
 500168
 500168
 277880
 277880
 277880
 326368
 323288
 338016
 357048
 382832
 384216
 384216
 419816
 430416
 459024
 459024
 490632
 495224
 505936
 522816
 522816
 277880
 277880
 277880
 326368
 323288
 323288
 356696
 380976
 399872
 399872
 399872
 430072
 441112
 455552
 484072
 484072
 500024
 500024
 277880
 277880
 277880
 326368
 323288
 323288
 356696
 380976
 399872
 399872
 399872
 430072
 441112
 455552
 484072
 484072
 500024
 500024
 277880
 277880
 277880
 326368
 323288
 323288
 356696
 380976
 399872
 399872
 399872
 430072
 441112
 455552
 484072
 484072
 500024
 500024
 277880
 277880
 277880
 326368
 323288
 323288
 356696
 380976
 399872
 399872
 399872
 430072
 441112
 455552
 484664
 499448
 500456
 516824
 277960
 277960
 277960
 277960
 323368
 323368
 356776
 381056
 399952
 399952
 399952
 430152
 441192
 455632
 484152
 484152
 500104
 500104
 277960
 277960
 277960
 326448
 323368
 323368
 356776
 381056
 399952
 399952
 399952
 430152
 441192
 455632
 484152
 484152
 500104
 500104
 277960
 277960
 277960
 321856
 321856
 358104
 355096
 384096
 384096
 415208
 415208
 451440
 448360
 477432
 493464
 513664
 513664
 283704
 277960
 277960
 277960
 277960
 323368
 323368
 356776
 381056
 399952
 399952
 399952
 430152
 441192
 455632
 484152
 484152
 500104
 500104
 277960
 277960
 277960
 326448
 323368
 323368
 356776
 381056
 399952
 399952
 399952
 430152
 441192
 455632
 484152
 484152
 500104
 500104
 277960
 277960
 277960
 326448
 323368
 323368
 356776
 381056
 399952
 399952
 399952
 430152
 441192
 455632
