 205
 205
 205
 205
 205
 205
 205
 205
 205
 205
 205
 205
 205
 207
 207
 207
 207
 207
 207
 207
 207
 207
 207
 207
 207
 207
 207
 207
 207
 207
 207
 208
 208
 210
 210
 210
 210
 210
 210
 210
 210
 210
 210
 210
 210
 210
 210
 210
 210
 210
 210
 211
 212
 212
 212
 212
 212
 212
 212
 212
 212
 212
 212
 212
 212
 212
 212
 212
 212
 213
 214
 214
 214
 214
 214
 214
 214
 214
 214
 214
 214
 214
 214
 214
 214
 214
 214
 214
 216
 216
 216
 216
 216
 216
 216
 216
 216
 216
 216
 216
 216
 216
 216
 216
 216
 216
 218
 218
 218
 218
 218
 218
 218
 218
 218
 218
 218
 218
 218
 218
 218
 218
 218
 218
 219
 221
 221
 221
 221
 221
 221
 221
 221
 221
 221
 221
 221
 221
 221
 221
 221
 221
 221
 223
 223
 223
 223
 223
 223
 223
 223
 223
 223
 223
 223
 223
 223
 223
 223
 223
 223
 225
 225
 225
 225
 225
 225
 225
 225
 225
 225
 225
 225
 225
 225
 225
 225
 225
 225
 227
 227
 227
 227
 227
 227
 227
 227
 227
 227
 227
 227
 227
 227
 227
 227
 227
 227
 229
 229
 229
 229
 229
 229
 229
 229
 229
 229
 229
 229
 229
 229
 229
 229
 229
 229
 231
 231
 231
 231
 231
 231
 231
 231
 231
 231
 231
 231
 231
 231
 231
 231
 231
 232
 234
 234
 234
 234
 234
 234
 234
 234
 234
 234
 234
 234
 234
 234
 234
 234
 234
 234
 236
 236
 236
 236
 236
 236
 236
 236
 236
 236
 236
 236
 236
 236
 236
 236
 236
 236
 238
 238
 238
 238
 238
 238
 238
 238
 238
 238
 238
 238
 238
 238
 238
 238
 238
 238
 240
 240
 240
 240
 240
 240
 240
 240
 240
 240
 240
 240
 240
 240
 240
 240
 240
 241
 242
 242
 242
 242
 242
 242
 242
 242
 242
 242
 242
 242
 242
 242
 242
 242
 242
 242
 242
 244
 244
 244
 244
 244
 244
 244
 244
 244
 244
 244
 244
 244
 244
 244
 244
 244
 244
 246
 246
 246
 246
 246
 246
 246
 246
 246
 246
 246
 246
 246
 246
 246
 246
 246
 246
 248
 248
 248
 248
 248
 248
 248
 248
 248
 248
 248
 248
 248
 248
 248
 248
 248
 248
 250
 250
 250
 250
 250
 250
 250
 250
 250
 250
 250
 250
 250
 250
 250
 250
 250
 251
 253
 253
 253
 253
 253
 253
 253
 253
 253
 253
 253
 253
 253
 253
 253
 253
 253
 253
 254
 256
 256
 256
 256
 256
 256
 256
 256
 256
 256
 256
 256
 256
 256
 256
 256
 256
 256
 258
 258
 258
 258
 258
 258
 258
 258
 258
 258
 258
 258
 258
 258
 258
 258
 258
 258
 260
 260
 260
 260
 260
 260
 260
 260
 260
 260
 260
 260
 260
 260
 260
 260
 260
 260
 262
 262
 262
 262
 262
 262
 262
 262
 262
 262
 262
 262
 262
 262
 262
 262
 262
 263
 264
 264
 264
 264
 264
 264
 264
 264
 264
 264
 264
 264
 264
 264
 264
 264
 264
 264
 266
 266
 266
 266
 266
 266
 266
 266
 266
 266
 266
 266
 266
 266
 266
 266
 266
 266
 268
 268
 268
 268
 268
 268
 268
 268
 268
 268
 268
 268
 268
 268
 268
 268
 268
 269
 271
 271
 271
 271
 271
 271
 271
 271
 271
 271
 271
 271
 271
 271
 271
 271
 271
 271
 271
 273
 273
 273
 273
 273
 273
 273
 273
 273
 273
 273
 273
 273
 273
 273
 273
 273
 273
 275
 275
 275
 275
 275
 275
 275
 275
 275
 275
 275
 275
 275
 275
 275
 275
 275
 276
 278
 278
 278
 278
 278
 278
 278
 278
 278
 278
 278
 278
 278
 278
 278
 278
 278
 278
 280
 280
 280
 280
 280
 280
 280
 280
 280
 280
 280
 280
 280
 280
 280
 280
 280
 280
 282
 282
 282
 282
 282
 282
 282
 282
 282
 282
 282
 282
 282
 282
 282
 282
 282
 283
 284
 284
 284
 284
 284
 284
 284
 284
 284
 284
 284
 284
 284
 284
 284
 284
 284
 284
 286
 286
 286
 286
 286
 286
 286
 286
 286
 286
 286
 286
 286
 286
 286
 286
 286
 286
 287
 289
 289
 289
 289
 289
 289
 289
 289
 289
 289
 289
 289
 289
 289
 289
 289
 289
 289
 291
 291
 291
 291
 291
 291
 291
 291
 291
 291
 291
 291
 291
 291
 291
 291
 291
 291
 292
 294
 294
 294
 294
 294
 294
 294
 294
 294
 294
 294
 294
 294
 294
 294
 294
 294
 294
 294
 296
 296
 296
 296
 296
 296
 296
 296
 296
 296
 296
 296
 296
 296
 296
 296
 296
 296
 298
 298
 298
 298
 298
 298
 298
 298
 298
 298
 298
 298
 298
 298
 298
 298
 298
 299
 301
 301
 301
 301
 301
 301
 301
 301
 301
 301
 301
 301
 301
 301
 301
 301
 301
 301
 302
 304
 304
 304
 304
 304
 304
 304
 304
 304
 304
 304
 304
 304
 304
 304
 304
 304
 305
 307
 307
 307
 307
 307
 307
 307
 307
 307
 307
 307
 307
 307
 307
 307
 307
 307
 307
 309
 309
 309
 309
 309
 309
 309
 309
 309
 309
 309
 309
 309
 309
 309
 309
 309
 309
 311
 311
 311
 311
 311
 311
 311
 311
 311
 311
 311
 311
 311
 311
 311
 311
 311
 311
 313
 313
 313
 313
 313
 313
 313
 313
 313
 313
 313
 313
 313
 313
 313
 313
 313
 313
 313
 315
 315
 315
 315
 315
 315
 315
 315
 315
 315
 315
 315
 315
 315
 315
 315
 315
 315
 315
 317
 317
 317
 317
 317
 317
 317
 317
 317
 317
 317
 317
 317
 317
 317
 317
 317
 317
 319
 319
 319
 319
 319
 319
 319
 319
 319
 319
 319
 319
 319
 319
 319
 319
 319
 319
 320
 322
 322
 322
 322
 322
 322
 322
 322
 322
 322
 322
 322
 322
 322
 322
 322
 322
 322
 324
 324
 324
 324
 324
 324
 324
 324
 324
 324
 324
 324
 324
 324
 324
 324
 324
 324
 326
 326
 326
 326
 326
 326
 326
 326
 326
 326
 326
 326
 326
 326
 326
 326
 326
 326
 328
 328
 328
 328
 328
 328
 328
 328
 328
 328
 328
 328
 328
 328
 328
 328
 328
 328
 330
 330
 330
 330
 330
 330
 330
 330
 330
 330
 330
 330
 330
 330
 330
 330
 330
 330
 332
 332
 332
 332
 332
 332
 332
 332
 332
 332
 332
 332
 332
 332
 332
 332
 332
 332
 332
 334
 334
 334
 334
 334
 334
 334
 334
 334
 334
 334
 334
 334
 334
 334
 334
 334
 334
 336
 336
 336
 336
 336
 336
 336
 336
 336
 336
 336
 336
 336
 336
 336
 336
 336
 336
 338
 338
 338
 338
 338
 338
 338
 338
 338
 338
 338
 338
 338
 338
 338
 338
 338
 338
 338
 340
 340
 340
 340
 340
 340
 340
 340
 340
 340
 340
 340
 340
 340
 340
 340
 340
 340
 342
 342
 342
 342
 342
 342
 342
 342
 342
 342
 342
 342
 342
 342
 342
 342
 342
 342
 344
 344
 344
 344
 344
 344
 344
 344
 344
 344
 344
 344
 344
 344
 344
 344
 344
 344
 346
 346
 346
 346
 346
 346
 346
 346
 346
 346
 346
 346
 346
 346
 346
 346
 346
 346
 348
 348
 348
 348
 348
 348
 348
 348
 348
 348
 348
 348
 348
 348
 348
 348
 348
 348
 348
 349
 351
 351
 351
 351
 351
 351
 351
 351
 351
 351
 351
 351
 351
 351
 351
 351
 351
 351
 352
 354
 354
 354
 354
 354
 354
 354
 354
 354
 354
 354
 354
 354
 354
 354
 354
 354
 354
 356
 356
 356
 356
 356
 356
 356
 356
 356
 356
 356
 356
 356
 356
 356
 356
 356
 356
 358
 358
 358
 358
 358
 358
 358
 358
 358
 358
 358
 358
 358
 358
 358
 358
 358
 359
 360
 360
 360
 360
 360
 360
 360
 360
 360
 360
 360
 360
 360
 360
 360
 360
 360
 360
 362
 362
 362
 362
 362
 362
 362
 362
 362
 362
 362
 362
 362
 362
 362
 362
 362
 362
 364
 364
 364
 364
 364
 364
 364
 364
 364
 364
 364
 364
 364
 364
 364
 364
 364
 364
 366
 366
 366
 366
 366
 366
 366
 366
 366
 366
 366
 366
 366
 366
 366
 366
 366
 366
 368
 368
 368
 368
 368
 368
 368
 368
 368
 368
 368
 368
 368
 368
 368
 368
 368
 368
 370
 370
 370
 370
 370
 370
 370
 370
 370
 370
 370
 370
 370
 370
 370
 370
 370
 370
 372
 372
 372
 372
 372
 372
 372
 372
 372
 372
 372
 372
 372
 372
 372
 372
 372
 372
 374
 374
 374
 374
 374
 374
 374
 374
 374
 374
 374
 374
 374
 374
 374
 374
 374
 374
 374
 375
 377
 377
 377
 377
 377
 377
 377
 377
 377
 377
 377
 377
 377
 377
 377
 377
 377
 377
 378
 380
 380
 380
 380
 380
 380
 380
 380
 380
 380
 380
 380
 380
 380
 380
 380
 380
 380
 382
 382
 382
 382
 382
 382
 382
 382
 382
 382
 382
 382
 382
 382
 382
 382
 382
 382
 384
 384
 384
 384
 384
 384
 384
 384
 384
 384
 384
 384
 384
 384
 384
 384
 384
 384
 386
 386
 386
 386
 386
 386
 386
 386
 386
 386
 386
 386
 386
 386
 386
 386
 386
 386
 388
 388
 388
 388
 388
 388
 388
 388
 388
 388
 388
 388
 388
 388
 388
 388
 388
 388
 389
 391
 391
 391
 391
 391
 391
 391
 391
 391
 391
 391
 391
 391
 391
 391
 391
 391
 391
 393
 393
 393
 393
 393
 393
 393
 393
 393
 393
 393
 393
 393
 393
 393
 393
 393
 393
 395
 395
 395
 395
 395
 395
 395
 395
 395
 395
 395
 395
 395
 395
 395
 395
 395
 395
 395
 397
 397
 397
 397
 397
 397
 397
 397
 397
 397
 397
 397
 397
 397
 397
 397
 397
 397
 399
 399
 399
 399
 399
 399
 399
 399
 399
 399
 399
 399
 399
 399
 399
 399
 399
 399
 401
 401
 401
 401
 401
 401
 401
 401
 401
 401
 401
 401
 401
 401
 401
 401
 401
 401
 403
 403
 403
 403
 403
 403
 403
 403
 403
 403
 403
 403
 403
 403
 403
 403
 403
 403
 405
 405
 405
 405
 405
 405
 405
 405
 405
 405
 405
 405
 405
 405
 405
 405
 405
 405
 405
 407
 407
 407
 407
 407
 407
 407
 407
 407
 407
 407
 407
 407
 407
 407
 407
 407
 407
 409
 409
 409
 409
 409
 409
 409
 409
 409
 409
 409
 409
 409
 409
 409
 409
 409
 409
 411
 411
 411
 411
 411
 411
 411
 411
 411
 411
 411
 411
 411
 411
 411
 411
 411
 411
 412
 413
 413
 413
 413
 413
 413
 413
 413
 413
 413
 413
 413
 413
 413
 413
 413
 413
 413
 415
 415
 415
 415
 415
 415
 415
 415
 415
 415
 415
 415
 415
 415
 415
 415
 415
 415
 417
 417
 417
 417
 417
 417
 417
 417
 417
 417
 417
 417
 417
 417
 417
 417
 417
 417
 419
 419
 419
 419
 419
 419
 419
 419
 419
 419
 419
 419
 419
 419
 419
 419
 419
 419
 421
 421
 421
 421
 421
 421
 421
 421
 421
 421
 421
 421
 421
 421
 421
 421
 421
 421
 423
 423
 423
 423
 423
 423
 423
 423
 423
 423
 423
 423
 423
 423
 423
 423
 423
 423
 425
 425
 425
 425
 425
 425
 425
 425
 425
 425
 425
 425
 425
 425
 425
 425
 425
 426
 428
 428
 428
 428
 428
 428
 428
 428
 428
 428
 428
 428
 428
 428
 428
 428
 428
 428
 430
 430
 430
 430
 430
 430
 430
 430
 430
 430
 430
 430
 430
 430
 430
 430
 430
 430
 432
 432
 432
 432
 432
 432
 432
 432
 432
 432
 432
 432
 432
 432
 432
 432
 432
 433
 435
 435
 435
 435
 435
 435
 435
 435
 435
 435
 435
 435
 435
 435
 435
 435
 435
 435
 437
 437
 437
 437
 437
 437
 437
 437
 437
 437
 437
 437
 437
 437
 437
 437
 437
 437
 437
 438
 440
 440
 440
 440
 440
 440
 440
 440
 440
 440
 440
 440
 440
 440
 440
 440
 440
 440
 442
 442
 442
 442
 442
 442
 442
 442
 442
 442
 442
 442
 442
 442
 442
 442
 442
 442
 444
 444
 444
 444
 444
 444
 444
 444
 444
 444
 444
 444
 444
 444
 444
 444
 444
 444
 446
 446
 446
 446
 446
 446
 446
 446
 446
 446
 446
 446
 446
 446
 446
 446
 446
 446
 447
 449
 449
 449
 449
 449
 449
 449
 449
 449
 449
 449
 449
 449
 449
 449
 449
 449
 449
 451
 451
 451
 451
 451
 451
 451
 451
 451
 451
 451
 451
 451
 451
 451
 451
 451
 452
 454
 454
 454
 454
 454
 454
 454
 454
 454
 454
 454
 454
 454
 454
 454
 454
 454
 454
 456
 456
 456
 456
 456
 456
 456
 456
 456
 456
 456
 456
 456
 456
 456
 456
 456
 456
 458
 458
 458
 458
 458
 458
 458
 458
 458
 458
 458
 458
 458
 458
 458
 458
 458
 459
 461
 461
 461
 461
 461
 461
 461
 461
 461
 461
 461
 461
 461
 461
 461
 461
 461
 461
 463
 463
 463
 463
 463
 463
 463
 463
 463
 463
 463
 463
 463
 463
 463
 463
 463
 463
 465
 465
 465
 465
 465
 465
 465
 465
 465
 465
 465
 465
 465
 465
 465
 465
 465
 465
 465
 466
 468
 468
 468
 468
 468
 468
 468
 468
 468
 468
 468
 468
 468
 468
 468
 468
 468
 468
 469
 471
 471
 471
 471
 471
 471
 471
 471
 471
 471
 471
 471
 471
 471
 471
 471
 471
 471
 473
 473
 473
 473
 473
 473
 473
 473
 473
 473
 473
 473
 473
 473
 473
 473
 473
 473
 475
 475
 475
 475
 475
 475
 475
 475
 475
 475
 475
 475
 475
 475
 475
 475
 475
 475
 477
 477
 477
 477
 477
 477
 477
 477
 477
 477
 477
 477
 477
 477
 477
 477
 477
 477
 479
 479
 479
 479
 479
 479
 479
 479
 479
 479
 479
 479
 479
 479
 479
 479
 479
 479
 481
 481
 481
 481
 481
 481
 481
 481
 481
 481
 481
 481
 481
 481
 481
 481
 481
 481
 483
 483
 483
 483
 483
 483
 483
 483
 483
 483
 483
 483
 483
 483
 483
 483
 483
 483
 484
 485
 485
 485
 485
 485
 485
 485
 485
 485
 485
 485
 485
 485
 485
 485
 485
 485
 485
 487
 487
 487
 487
 487
 487
 487
 487
 487
 487
 487
 487
 487
 487
 487
 487
 487
 487
 489
 489
 489
 489
 489
 489
 489
 489
 489
 489
 489
 489
 489
 489
 489
 489
 489
 489
 491
 491
 491
 491
 491
 491
 491
 491
 491
 491
 491
 491
 491
 491
 491
 491
 491
 491
 491
 492
 494
 494
 494
 494
 494
 494
 494
 494
 494
 494
 494
 494
 494
 494
 494
 494
 494
 494
 496
 496
 496
 496
 496
 496
 496
 496
 496
 496
 496
 496
 496
 496
 496
 496
 496
 496
 496
 498
 498
 498
 498
 498
 498
 498
 498
 498
 498
 498
 498
 498
 498
 498
 498
 498
 498
 498
 500
 500
 500
 500
 500
 500
 500
 500
 500
 500
 500
 500
 500
 500
 500
 500
 500
 500
 502
 502
 502
 502
 502
 502
 502
 502
 502
 502
 502
 502
 502
 502
 502
 502
 502
 502
 504
 504
 504
 504
 504
 504
 504
 504
 504
 504
 504
 504
 504
 504
 504
 504
 504
 504
 504
 506
 506
 506
 506
 506
 506
 506
 506
 506
 506
 506
 506
 506
 506
 506
 506
 506
 506
 508
 508
 508
 508
 508
 508
 508
 508
 508
 508
 508
 508
 508
 508
 508
 508
 508
 508
 510
 510
 510
 510
 510
 510
 510
 510
 510
 510
 510
 510
 510
 510
 510
 510
 510
 510
 512
 512
 512
 512
 512
 512
 512
 512
 512
 512
 512
 512
 512
 512
 512
 512
 512
 512
 514
 514
 514
 514
 514
 514
 514
 514
 514
 514
 514
 514
 514
 514
 514
 514
 514
 514
 516
 516
 516
 516
 516
 516
 516
 516
 516
 516
 516
 516
 516
 516
 516
 516
 516
 517
 519
 519
 519
 519
 519
 519
 519
 519
 519
 519
 519
 519
 519
 519
 519
 519
 519
 519
 519
 521
 521
 521
 521
 521
 521
 521
 521
 521
 521
 521
 521
 521
 521
 521
 521
 521
 521
 523
 523
 523
 523
 523
 523
 523
 523
 523
 523
 523
 523
 523
 523
 523
 523
 523
 523
 525
 525
 525
 525
 525
 525
 525
 525
 525
 525
 525
 525
 525
 525
 525
 525
 525
 525
 527
 527
 527
 527
 527
 527
 527
 527
 527
 527
 527
 527
 527
 527
 527
 527
 527
 527
 529
 529
 529
 529
 529
 529
 529
 529
 529
 529
 529
 529
 529
 529
 529
 529
 529
 529
 529
 531
 531
 531
 531
 531
 531
 531
 531
 531
 531
 531
 531
 531
 531
 531
 531
 531
 531
 531
 533
 533
 533
 533
 533
 533
 533
 533
 533
 533
 533
 533
 533
 533
 533
 533
 533
 533
 535
 535
 535
 535
 535
 535
 535
 535
 535
 535
 535
 535
 535
 535
 535
 535
 535
 535
 537
 537
 537
 537
 537
 537
 537
 537
 537
 537
 537
 537
 537
 537
 537
 537
 537
 537
 538
 540
 540
 540
 540
 540
 540
 540
 540
 540
 540
 540
 540
 540
 540
 540
 540
 540
 540
 542
 542
 542
 542
 542
 542
 542
 542
 542
 542
 542
 542
 542
 542
 542
 542
 542
 542
 543
 545
 545
 545
 545
 545
 545
 545
 545
 545
 545
 545
 545
 545
 545
 545
 545
 545
 545
 547
 547
 547
 547
 547
 547
 547
 547
 547
 547
 547
 547
 547
 547
 547
 547
 547
 547
 549
 549
 549
 549
 549
 549
 549
 549
 549
 549
 549
 549
 549
 549
 549
 549
 549
 549
 551
 551
 551
 551
 551
 551
 551
 551
 551
 551
 551
 551
 551
 551
 551
 551
 551
 552
 553
 553
 553
 553
 553
 553
 553
 553
 553
 553
 553
 553
 553
 553
 553
 553
 553
 553
 554
 555
 555
 555
 555
 555
 555
 555
 555
 555
 555
 555
 555
 555
 555
 555
 555
 555
 556
 558
 558
 558
 558
 558
 558
 558
 558
 558
 558
 558
 558
 558
 558
 558
 558
 558
 558
 560
 560
 560
 560
 560
 560
 560
 560
 560
 560
 560
 560
 560
 560
 560
 560
 560
 560
 562
 562
 562
 562
 562
 562
 562
 562
 562
 562
 562
 562
 562
 562
 562
 562
 562
 562
 564
 564
 564
 564
 564
 564
 564
 564
 564
 564
 564
 564
 564
 564
 564
 564
 564
 565
 567
 567
 567
 567
 567
 567
 567
 567
 567
 567
 567
 567
 567
 567
 567
 567
 567
 568
 569
 569
 569
 569
 569
 569
 569
 569
 569
 569
 569
 569
 569
 569
 569
 569
 569
 569
 571
 571
 571
 571
 571
 571
 571
 571
 571
 571
 571
 571
 571
 571
 571
 571
 571
 571
 573
 573
 573
 573
 573
 573
 573
 573
 573
 573
 573
 573
 573
 573
 573
 573
 573
 573
 574
 576
 576
 576
 576
 576
 576
 576
 576
 576
 576
 576
 576
 576
 576
 576
 576
 576
 576
 578
 578
 578
 578
 578
 578
 578
 578
 578
 578
 578
 578
 578
 578
 578
 578
 578
 578
 580
 580
 580
 580
 580
 580
 580
 580
 580
 580
 580
 580
 580
 580
 580
 580
 580
 580
 582
 582
 582
 582
 582
 582
 582
 582
 582
 582
 582
 582
 582
 582
 582
 582
 582
 582
 582
 583
 585
 585
 585
 585
 585
 585
 585
 585
 585
 585
 585
 585
 585
 585
 585
 585
 585
 585
 587
 587
 587
 587
 587
 587
 587
 587
 587
 587
 587
 587
 587
 587
 587
 587
 587
 587
 589
 589
 589
 589
 589
 589
 589
 589
 589
 589
 589
 589
 589
 589
 589
 589
 589
 589
 591
 591
 591
 591
 591
 591
 591
 591
 591
 591
 591
 591
 591
 591
 591
 591
 591
 591
 593
 593
 593
 593
 593
 593
 593
 593
 593
 593
 593
 593
 593
 593
 593
 593
 593
 593
 593
 594
 596
 596
 596
 596
 596
 596
 596
 596
 596
 596
 596
 596
 596
 596
 596
 596
 596
 596
 596
 597
 599
 599
 599
 599
 599
 599
 599
 599
 599
 599
 599
 599
 599
 599
 599
 599
 599
 599
 601
 601
 601
 601
 601
 601
 601
 601
 601
 601
 601
 601
 601
 601
 601
 601
 601
 601
 602
 604
 604
 604
 604
 604
 604
 604
 604
 604
 604
 604
 604
 604
 604
 604
 604
 604
 605
 606
 606
 606
 606
 606
 606
 606
 606
 606
 606
 606
 606
 606
 606
 606
 606
 606
 606
 608
 608
 608
 608
 608
 608
 608
 608
 608
 608
 608
 608
 608
 608
 608
 608
 608
 608
 610
 610
 610
 610
 610
 610
 610
 610
 610
 610
 610
 610
 610
 610
 610
 610
 610
 610
 612
 612
 612
 612
 612
 612
 612
 612
 612
 612
 612
 612
 612
 612
 612
 612
 612
 612
 614
 614
 614
 614
 614
 614
 614
 614
 614
 614
 614
 614
 614
 614
 614
 614
 614
 614
 616
 616
 616
 616
 616
 616
 616
 616
 616
 616
 616
 616
 616
 616
 616
 616
 616
 616
 618
 618
 618
 618
 618
 618
 618
 618
 618
 618
 618
 618
 618
 618
 618
 618
 618
 618
 620
 620
 620
 620
 620
 620
 620
 620
 620
 620
 620
 620
 620
 620
 620
 620
 620
 620
 620
 621
 623
 623
 623
 623
 623
 623
 623
 623
 623
 623
 623
 623
 623
 623
 623
 623
 623
 623
 625
 625
 625
 625
 625
 625
 625
 625
 625
 625
 625
 625
 625
 625
 625
 625
 625
 625
 627
 627
 627
 627
 627
 627
 627
 627
 627
 627
 627
 627
 627
 627
 627
 627
 627
 627
 629
 629
 629
 629
 629
 629
 629
 629
 629
 629
 629
 629
 629
 629
 629
 629
 629
 629
 631
 631
 631
 631
 631
 631
 631
 631
 631
 631
 631
 631
 631
 631
 631
 631
 631
 631
 631
 633
 633
 633
 633
 633
 633
 633
 633
 633
 633
 633
 633
 633
 633
 633
 633
 633
 633
 633
 635
 635
 635
 635
 635
 635
 635
 635
 635
 635
 635
 635
 635
 635
 635
 635
 635
 635
 637
 637
 637
 637
 637
 637
 637
 637
 637
 637
 637
 637
 637
 637
 637
 637
 637
 637
 639
 639
 639
 639
 639
 639
 639
 639
 639
 639
 639
 639
 639
 639
 639
 639
 639
 639
 640
 640
 642
 642
 642
 642
 642
 642
 642
 642
 642
 642
 642
 642
 642
 642
 642
 642
 642
 642
 642
 644
 644
 644
 644
 644
 644
 644
 644
 644
 644
 644
 644
 644
 644
 644
 644
 644
 644
 646
 646
 646
 646
 646
 646
 646
 646
 646
 646
 646
 646
 646
 646
 646
 646
 646
 646
 648
 648
 648
 648
 648
 648
 648
 648
 648
 648
 648
 648
 648
 648
 648
 648
 648
 649
 650
 650
 650
 650
 650
 650
 650
 650
 650
 650
 650
 650
 650
 650
 650
 650
 650
 650
 652
 652
 652
 652
 652
 652
 652
 652
 652
 652
 652
 652
 652
 652
 652
 652
 652
 652
 654
 654
 654
 654
 654
 654
 654
 654
 654
 654
 654
 654
 654
 654
 654
 654
 654
 654
 654
 656
 656
 656
 656
 656
 656
 656
 656
 656
 656
 656
 656
 656
 656
 656
 656
 656
 656
 658
 658
 658
 658
 658
 658
 658
 658
 658
 658
 658
 658
 658
 658
 658
 658
 658
 658
 660
 660
 660
 660
 660
 660
 660
 660
 660
 660
 660
 660
 660
 660
 660
 660
 660
 660
 662
 662
 662
 662
 662
 662
 662
 662
 662
 662
 662
 662
 662
 662
 662
 662
 662
 662
 664
 664
 664
 664
 664
 664
 664
 664
 664
 664
 664
 664
 664
 664
 664
 664
 664
 664
 666
 666
 666
 666
 666
 666
 666
 666
 666
 666
 666
 666
 666
 666
 666
 666
 666
 666
 668
 668
 668
 668
 668
 668
 668
 668
 668
 668
 668
 668
 668
 668
 668
 668
 668
 668
 669
 671
 671
 671
 671
 671
 671
 671
 671
 671
 671
 671
 671
 671
 671
 671
 671
 671
 671
 671
 673
 673
 673
 673
 673
 673
 673
 673
 673
 673
 673
 673
 673
 673
 673
 673
 673
 673
 674
 676
 676
 676
 676
 676
 676
 676
 676
 676
 676
 676
 676
 676
 676
 676
 676
 676
 676
 678
 678
 678
 678
 678
 678
 678
 678
 678
 678
 678
 678
 678
 678
 678
 678
 678
 678
 678
 680
 680
 680
 680
 680
 680
 680
 680
 680
 680
 680
 680
 680
 680
 680
 680
 680
 680
 681
 683
 683
 683
 683
 683
 683
 683
 683
 683
 683
 683
 683
 683
 683
 683
 683
 683
 683
 685
 685
 685
 685
 685
 685
 685
 685
 685
 685
 685
 685
 685
 685
 685
 685
 685
 685
 687
 687
 687
 687
 687
 687
 687
 687
 687
 687
 687
 687
 687
 687
 687
 687
 687
 687
 689
 689
 689
 689
 689
 689
 689
 689
 689
 689
 689
 689
 689
 689
 689
 689
 689
 689
 691
 691
 691
 691
 691
 691
 691
 691
 691
 691
 691
 691
 691
 691
 691
 691
 691
 691
 692
 692
 694
 694
 694
 694
 694
 694
 694
 694
 694
 694
 694
 694
 694
 694
 694
 694
 694
 694
 696
 696
 696
 696
 696
 696
 696
 696
 696
 696
 696
 696
 696
 696
 696
 696
 696
 696
 698
 698
 698
 698
 698
 698
 698
 698
 698
 698
 698
 698
 698
 698
 698
 698
 698
 698
 700
 700
 700
 700
 700
 700
 700
 700
 700
 700
 700
 700
 700
 700
 700
 700
 700
 700
 702
 702
 702
 702
 702
 702
 702
 702
 702
 702
 702
 702
 702
 702
 702
 702
 702
 702
 704
 704
 704
 704
 704
 704
 704
 704
 704
 704
 704
 704
 704
 704
 704
 704
 704
 704
 705
 707
 707
 707
 707
 707
 707
 707
 707
 707
 707
 707
 707
 707
 707
 707
 707
 707
 707
 709
 709
 709
 709
 709
 709
 709
 709
 709
 709
 709
 709
 709
 709
 709
 709
 709
 709
 711
 711
 711
 711
 711
 711
 711
 711
 711
 711
 711
 711
 711
 711
 711
 711
 711
 711
 712
 714
 714
 714
 714
 714
 714
 714
 714
 714
 714
 714
 714
 714
 714
 714
 714
 714
 714
 716
 716
 716
 716
 716
 716
 716
 716
 716
 716
 716
 716
 716
 716
 716
 716
 716
 716
 718
 718
 718
 718
 718
 718
 718
 718
 718
 718
 718
 718
 718
 718
 718
 718
 718
 718
 720
 720
 720
 720
 720
 720
 720
 720
 720
 720
 720
 720
 720
 720
 720
 720
 720
 720
 721
 723
 723
 723
 723
 723
 723
 723
 723
 723
 723
 723
 723
 723
 723
 723
 723
 723
 724
 725
 725
 725
 725
 725
 725
 725
 725
 725
 725
 725
 725
 725
 725
 725
 725
 725
 725
 727
 727
 727
 727
 727
 727
 727
 727
 727
 727
 727
 727
 727
 727
 727
 727
 727
 727
 729
 729
 729
 729
 729
 729
 729
 729
 729
 729
 729
 729
 729
 729
 729
 729
 729
 729
 731
 731
 731
 731
 731
 731
 731
 731
 731
 731
 731
 731
 731
 731
 731
 731
 731
 732
 733
 733
 733
 733
 733
 733
 733
 733
 733
 733
 733
 733
 733
 733
 733
 733
 733
 733
 735
 735
 735
 735
 735
 735
 735
 735
 735
 735
 735
 735
 735
 735
 735
 735
 735
 736
 738
 738
 738
 738
 738
 738
 738
 738
 738
 738
 738
 738
 738
 738
 738
 738
 738
 738
 740
 740
 740
 740
 740
 740
 740
 740
 740
 740
 740
 740
 740
 740
 740
 740
 740
 740
 742
 742
 742
 742
 742
 742
 742
 742
 742
 742
 742
 742
 742
 742
 742
 742
 742
 742
 744
 744
 744
 744
 744
 744
 744
 744
 744
 744
 744
 744
 744
 744
 744
 744
 744
 744
 745
 747
 747
 747
 747
 747
 747
 747
 747
 747
 747
 747
 747
 747
 747
 747
 747
 747
 747
 749
 749
 749
 749
 749
 749
 749
 749
 749
 749
 749
 749
 749
 749
 749
 749
 749
 749
 751
 751
 751
 751
 751
 751
 751
 751
 751
 751
 751
 751
 751
 751
 751
 751
 751
 751
 753
 753
 753
 753
 753
 753
 753
 753
 753
 753
 753
 753
 753
 753
 753
 753
 753
 753
 753
 755
 755
 755
 755
 755
 755
 755
 755
 755
 755
 755
 755
 755
 755
 755
 755
 755
 755
 757
 757
 757
 757
 757
 757
 757
 757
 757
 757
 757
 757
 757
 757
 757
 757
 757
 757
 758
 760
 760
 760
 760
 760
 760
 760
 760
 760
 760
 760
 760
 760
 760
 760
 760
 760
 760
 762
 762
 762
 762
 762
 762
 762
 762
 762
 762
 762
 762
 762
 762
 762
 762
 762
 762
 764
 764
 764
 764
 764
 764
 764
 764
 764
 764
 764
 764
 764
 764
 764
 764
 764
 764
 766
 766
 766
 766
 766
 766
 766
 766
 766
 766
 766
 766
 766
 766
 766
 766
 766
 766
 768
 768
 768
 768
 768
 768
 768
 768
 768
 768
 768
 768
 768
 768
 768
 768
 768
 768
 769
 771
 771
 771
 771
 771
 771
 771
 771
 771
 771
 771
 771
 771
 771
 771
 771
 771
 771
 771
 773
 773
 773
 773
 773
 773
 773
 773
 773
 773
 773
 773
 773
 773
 773
 773
 773
 773
 775
 775
 775
 775
 775
 775
 775
 775
 775
 775
 775
 775
 775
 775
 775
 775
 775
 775
 775
 776
 778
 778
 778
 778
 778
 778
 778
 778
 778
 778
 778
 778
 778
 778
 778
 778
 778
 778
 780
 780
 780
 780
 780
 780
 780
 780
 780
 780
 780
 780
 780
 780
 780
 780
 780
 780
 782
 782
 782
 782
 782
 782
 782
 782
 782
 782
 782
 782
 782
 782
 782
 782
 782
 782
 784
 784
 784
 784
 784
 784
 784
 784
 784
 784
 784
 784
 784
 784
 784
 784
 784
 784
 786
 786
 786
 786
 786
 786
 786
 786
 786
 786
 786
 786
 786
 786
 786
 786
 786
 786
 786
 788
 788
 788
 788
 788
 788
 788
 788
 788
 788
 788
 788
 788
 788
 788
 788
 788
 788
 790
 790
 790
 790
 790
 790
 790
 790
 790
 790
 790
 790
 790
 790
 790
 790
 790
 790
 792
 792
 792
 792
 792
 792
 792
 792
 792
 792
 792
 792
 792
 792
 792
 792
 792
 792
 792
 794
 794
 794
 794
 794
 794
 794
 794
 794
 794
 794
 794
 794
 794
 794
 794
 794
 794
 796
 796
 796
 796
 796
 796
 796
 796
 796
 796
 796
 796
 796
 796
 796
 796
 796
 796
 796
 798
 798
 798
 798
 798
 798
 798
 798
 798
 798
 798
 798
 798
 798
 798
 798
 798
 799
 801
 801
 801
 801
 801
 801
 801
 801
 801
 801
 801
 801
 801
 801
 801
 801
 801
 802
 804
 804
 804
 804
 804
 804
 804
 804
 804
 804
 804
 804
 804
 804
 804
 804
 804
 805
 807
 807
 807
 807
 807
 807
 807
 807
 807
 807
 807
 807
 807
 807
 807
 807
 807
 807
 809
 809
 809
 809
 809
 809
 809
 809
 809
 809
 809
 809
 809
 809
 809
 809
 809
 809
 811
 811
 811
 811
 811
 811
 811
 811
 811
 811
 811
 811
 811
 811
 811
 811
 811
 811
 811
 812
 814
 814
 814
 814
 814
 814
 814
 814
 814
 814
 814
 814
 814
 814
 814
 814
 814
 814
 814
 815
 817
 817
 817
 817
 817
 817
 817
 817
 817
 817
 817
 817
 817
 817
 817
 817
 817
 817
 819
 819
 819
 819
 819
 819
 819
 819
 819
 819
 819
 819
 819
 819
 819
 819
 819
 819
 821
 821
 821
 821
 821
 821
 821
 821
 821
 821
 821
 821
 821
 821
 821
 821
 821
 821
 821
 823
 823
 823
 823
 823
 823
 823
 823
 823
 823
 823
 823
 823
 823
 823
 823
 823
 823
 823
 825
 825
 825
 825
 825
 825
 825
 825
 825
 825
 825
 825
 825
 825
 825
 825
 825
 825
 827
 827
 827
 827
 827
 827
 827
 827
 827
 827
 827
 827
 827
 827
 827
 827
 827
 827
 829
 829
 829
 829
 829
 829
 829
 829
 829
 829
 829
 829
 829
 829
 829
 829
 829
 829
 831
 831
 831
 831
 831
 831
 831
 831
 831
 831
 831
 831
 831
 831
 831
 831
 831
 831
 833
 833
 833
 833
 833
 833
 833
 833
 833
 833
 833
 833
 833
 833
 833
 833
 833
 833
 834
 835
 835
 835
 835
 835
 835
 835
 835
 835
 835
 835
 835
 835
 835
 835
 835
 835
 836
 837
 837
 837
 837
 837
 837
 837
 837
 837
 837
 837
 837
 837
 837
 837
 837
 837
 837
 839
 839
 839
 839
 839
 839
 839
 839
 839
 839
 839
 839
 839
 839
 839
 839
 839
 839
 841
 841
 841
 841
 841
 841
 841
 841
 841
 841
 841
 841
 841
 841
 841
 841
 841
 841
 841
 843
 843
 843
 843
 843
 843
 843
 843
 843
 843
 843
 843
 843
 843
 843
 843
 843
 843
 845
 845
 845
 845
 845
 845
 845
 845
 845
 845
 845
 845
 845
 845
 845
 845
 845
 845
 847
 847
 847
 847
 847
 847
 847
 847
 847
 847
 847
 847
 847
 847
 847
 847
 847
 847
 848
 850
 850
 850
 850
 850
 850
 850
 850
 850
 850
 850
 850
 850
 850
 850
 850
 850
 850
 852
 852
 852
 852
 852
 852
 852
 852
 852
 852
 852
 852
 852
 852
 852
 852
 852
 852
 854
 854
 854
 854
 854
 854
 854
 854
 854
 854
 854
 854
 854
 854
 854
 854
 854
 854
 856
 856
 856
 856
 856
 856
 856
 856
 856
 856
 856
 856
 856
 856
 856
 856
 856
 857
 858
 858
 858
 858
 858
 858
 858
 858
 858
 858
 858
 858
 858
 858
 858
 858
 858
 858
 860
 860
 860
 860
 860
 860
 860
 860
 860
 860
 860
 860
 860
 860
 860
 860
 860
 860
 862
 862
 862
 862
 862
 862
 862
 862
 862
 862
 862
 862
 862
 862
 862
 862
 862
 862
 864
 864
 864
 864
 864
 864
 864
 864
 864
 864
 864
 864
 864
 864
 864
 864
 864
 864
 866
 866
 866
 866
 866
 866
 866
 866
 866
 866
 866
 866
 866
 866
 866
 866
 866
 866
 868
 868
 868
 868
 868
 868
 868
 868
 868
 868
 868
 868
 868
 868
 868
 868
 868
 868
 869
 871
 871
 871
 871
 871
 871
 871
 871
 871
 871
 871
 871
 871
 871
 871
 871
 871
 871
 873
 873
 873
 873
 873
 873
 873
 873
 873
 873
 873
 873
 873
 873
 873
 873
 873
 873
 875
 875
 875
 875
 875
 875
 875
 875
 875
 875
 875
 875
 875
 875
 875
 875
 875
 875
 877
 877
 877
 877
 877
 877
 877
 877
 877
 877
 877
 877
 877
 877
 877
 877
 877
 877
 879
 879
 879
 879
 879
 879
 879
 879
 879
 879
 879
 879
 879
 879
 879
 879
 879
 879
 881
 881
 881
 881
 881
 881
 881
 881
 881
 881
 881
 881
 881
 881
 881
 881
 881
 881
 883
 883
 883
 883
 883
 883
 883
 883
 883
 883
 883
 883
 883
 883
 883
 883
 883
 883
 885
 885
 885
 885
 885
 885
 885
 885
 885
 885
 885
 885
 885
 885
 885
 885
 885
 885
 887
 887
 887
 887
 887
 887
 887
 887
 887
 887
 887
 887
 887
 887
 887
 887
 887
 887
 889
 889
 889
 889
 889
 889
 889
 889
 889
 889
 889
 889
 889
 889
 889
 889
 889
 889
 891
 891
 891
 891
 891
 891
 891
 891
 891
 891
 891
 891
 891
 891
 891
 891
 891
 892
 894
 894
 894
 894
 894
 894
 894
 894
 894
 894
 894
 894
 894
 894
 894
 894
 894
 894
 895
 896
 896
 896
 896
 896
 896
 896
 896
 896
 896
 896
 896
 896
 896
 896
 896
 896
 896
 898
 898
 898
 898
 898
 898
 898
 898
 898
 898
 898
 898
 898
 898
 898
 898
 898
 898
 898
 900
 900
 900
 900
 900
 900
 900
 900
 900
 900
 900
 900
 900
 900
 900
 900
 900
 900
 902
 902
 902
 902
 902
 902
 902
 902
 902
 902
 902
 902
 902
 902
 902
 902
 902
 902
 904
 904
 904
 904
 904
 904
 904
 904
 904
 904
 904
 904
 904
 904
 904
 904
 904
 904
 904
 906
 906
 906
 906
 906
 906
 906
 906
 906
 906
 906
 906
 906
 906
 906
 906
 906
 906
 907
 908
 908
 908
 908
 908
 908
 908
 908
 908
 908
 908
 908
 908
 908
 908
 908
 908
 908
 910
 910
 910
 910
 910
 910
 910
 910
 910
 910
 910
 910
 910
 910
 910
 910
 910
 910
 912
 912
 912
 912
 912
 912
 912
 912
 912
 912
 912
 912
 912
 912
 912
 912
 912
 913
 915
 915
 915
 915
 915
 915
 915
 915
 915
 915
 915
 915
 915
 915
 915
 915
 915
 915
 917
 917
 917
 917
 917
 917
 917
 917
 917
 917
 917
 917
 917
 917
 917
 917
 917
 917
 919
 919
 919
 919
 919
 919
 919
 919
 919
 919
 919
 919
 919
 919
 919
 919
 919
 919
 921
 921
 921
 921
 921
 921
 921
 921
 921
 921
 921
 921
 921
 921
 921
 921
 921
 921
 923
 923
 923
 923
 923
 923
 923
 923
 923
 923
 923
 923
 923
 923
 923
 923
 923
 923
 925
 925
 925
 925
 925
 925
 925
 925
 925
 925
 925
 925
 925
 925
 925
 925
 925
 925
 925
 927
 927
 927
 927
 927
 927
 927
 927
 927
 927
 927
 927
 927
 927
 927
 927
 927
 927
 929
 929
 929
 929
 929
 929
 929
 929
 929
 929
 929
 929
 929
 929
 929
 929
 929
 929
 931
 931
 931
 931
 931
 931
 931
 931
 931
 931
 931
 931
 931
 931
 931
 931
 931
 931
 933
 933
 933
 933
 933
 933
 933
 933
 933
 933
 933
 933
 933
 933
 933
 933
 933
 933
 935
 935
 935
 935
 935
 935
 935
 935
 935
 935
 935
 935
 935
 935
 935
 935
 935
 935
 936
 938
 938
 938
 938
 938
 938
 938
 938
 938
 938
 938
 938
 938
 938
 938
 938
 938
 938
 940
 940
 940
 940
 940
 940
 940
 940
 940
 940
 940
 940
 940
 940
 940
 940
 940
 940
 942
 942
 942
 942
 942
 942
 942
 942
 942
 942
 942
 942
 942
 942
 942
 942
 942
 942
 944
 944
 944
 944
 944
 944
 944
 944
 944
 944
 944
 944
 944
 944
 944
 944
 944
 944
 944
 945
 947
 947
 947
 947
 947
 947
 947
 947
 947
 947
 947
 947
 947
 947
 947
 947
 947
 947
 949
 949
 949
 949
 949
 949
 949
 949
 949
 949
 949
 949
 949
 949
 949
 949
 949
 949
 949
 951
 951
 951
 951
 951
 951
 951
 951
 951
 951
 951
 951
 951
 951
 951
 951
 951
 951
 952
 953
 953
 953
 953
 953
 953
 953
 953
 953
 953
 953
 953
 953
 953
 953
 953
 953
 953
 955
 955
 955
 955
 955
 955
 955
 955
 955
 955
 955
 955
 955
 955
 955
 955
 955
 955
 957
 957
 957
 957
 957
 957
 957
 957
 957
 957
 957
 957
 957
 957
 957
 957
 957
 958
 960
 960
 960
 960
 960
 960
 960
 960
 960
 960
 960
 960
 960
 960
 960
 960
 960
 960
 961
 962
 962
 962
 962
 962
 962
 962
 962
 962
 962
 962
 962
 962
 962
 962
 962
 962
 962
 964
 964
 964
 964
 964
 964
 964
 964
 964
 964
 964
 964
 964
 964
 964
 964
 964
 964
 964
 966
 966
 966
 966
 966
 966
 966
 966
 966
 966
 966
 966
 966
 966
 966
 966
 966
 966
 968
 968
 968
 968
 968
 968
 968
 968
 968
 968
 968
 968
 968
 968
 968
 968
 968
 968
 970
 970
 970
 970
 970
 970
 970
 970
 970
 970
 970
 970
 970
 970
 970
 970
 970
 970
 971
 973
 973
 973
 973
 973
 973
 973
 973
 973
 973
 973
 973
 973
 973
 973
 973
 973
 973
 975
 975
 975
 975
 975
 975
 975
 975
 975
 975
 975
 975
 975
 975
 975
 975
 975
 976
 978
 978
 978
 978
 978
 978
 978
 978
 978
 978
 978
 978
 978
 978
 978
 978
 978
 978
 979
 981
 981
 981
 981
 981
 981
 981
 981
 981
 981
 981
 981
 981
 981
 981
 981
 981
 981
 981
 983
 983
 983
 983
 983
 983
 983
 983
 983
 983
 983
 983
 983
 983
 983
 983
 983
 984
 985
 985
 985
 985
 985
 985
 985
 985
 985
 985
 985
 985
 985
 985
 985
 985
 985
 985
 987
 987
 987
 987
 987
 987
 987
 987
 987
 987
 987
 987
 987
 987
 987
 987
 987
 987
 989
 989
 989
 989
 989
 989
 989
 989
 989
 989
 989
 989
 989
 989
 989
 989
 989
 989
 991
 991
 991
 991
 991
 991
 991
 991
 991
 991
 991
 991
 991
 991
 991
 991
 991
 991
 993
 993
 993
 993
 993
 993
 993
 993
 993
 993
 993
 993
 993
 993
 993
 993
 993
 993
 994
 995
 995
 995
 995
 995
 995
 995
 995
 995
 995
 995
 995
 995
 995
 995
 995
 995
 995
 995
 997
 997
 997
 997
 997
 997
 997
 997
 997
 997
 997
 997
 997
 997
 997
 997
 997
 997
 999
 999
 999
 999
 999
 999
 999
 999
 999
 999
 999
 999
 999
 999
 999
 999
 999
 999
 1001
 1001
 1001
 1001
 1001
 1001
 1001
 1001
 1001
 1001
 1001
 1001
 1001
 1001
 1001
 1001
 1001
 1001
 1002
 1003
 1003
 1003
 1003
 1003
 1003
 1003
 1003
 1003
 1003
 1003
 1003
 1003
 1003
 1003
 1003
 1003
 1004
 1005
 1005
 1005
 1005
 1005
 1005
 1005
 1005
 1005
 1005
 1005
 1005
 1005
 1005
 1005
 1005
 1005
 1005
 1006
 1008
 1008
 1008
 1008
 1008
 1008
 1008
 1008
 1008
 1008
 1008
 1008
 1008
 1008
 1008
 1008
 1008
 1008
 1010
 1010
 1010
 1010
 1010
 1010
 1010
 1010
 1010
 1010
 1010
 1010
 1010
 1010
 1010
 1010
 1010
 1010
 1012
 1012
 1012
 1012
 1012
 1012
 1012
 1012
 1012
 1012
 1012
 1012
 1012
 1012
 1012
 1012
 1012
 1012
 1014
 1014
 1014
 1014
 1014
 1014
 1014
 1014
 1014
 1014
 1014
 1014
 1014
 1014
 1014
 1014
 1014
 1015
 1017
 1017
 1017
 1017
 1017
 1017
 1017
 1017
 1017
 1017
 1017
 1017
 1017
 1017
 1017
 1017
 1017
 1017
 1019
 1019
 1019
 1019
 1019
 1019
 1019
 1019
 1019
 1019
 1019
 1019
 1019
 1019
 1019
 1019
 1019
 1019
 1021
 1021
 1021
 1021
 1021
 1021
 1021
 1021
 1021
 1021
 1021
 1021
 1021
 1021
 1021
 1021
 1021
 1021
 1023
 1023
 1023
 1023
 1023
 1023
 1023
 1023
 1023
 1023
 1023
 1023
 1023
 1023
 1023
 1023
 1023
 1023
 1025
 1025
 1025
 1025
 1025
 1025
 1025
 1025
 1025
 1025
 1025
 1025
 1025
 1025
 1025
 1025
 1025
 1026
 1027
 1027
 1027
 1027
 1027
 1027
 1027
 1027
 1027
 1027
 1027
 1027
 1027
 1027
 1027
 1027
 1027
 1028
 1029
 1029
 1029
 1029
 1029
 1029
 1029
 1029
 1029
 1029
 1029
 1029
 1029
 1029
 1029
 1029
 1029
 1030
 1032
 1032
 1032
 1032
 1032
 1032
 1032
 1032
 1032
 1032
 1032
 1032
 1032
 1032
 1032
 1032
 1032
 1032
 1034
 1034
 1034
 1034
 1034
 1034
 1034
 1034
 1034
 1034
 1034
 1034
 1034
 1034
 1034
 1034
 1034
 1034
 1036
 1036
 1036
 1036
 1036
 1036
 1036
 1036
 1036
 1036
 1036
 1036
 1036
 1036
 1036
 1036
 1036
 1036
 1036
 1037
 1039
 1039
 1039
 1039
 1039
 1039
 1039
 1039
 1039
 1039
 1039
 1039
 1039
 1039
 1039
 1039
 1039
 1039
 1040
 1042
 1042
 1042
 1042
 1042
 1042
 1042
 1042
 1042
 1042
 1042
 1042
 1042
 1042
 1042
 1042
 1042
 1043
 1044
 1044
 1044
 1044
 1044
 1044
 1044
 1044
 1044
 1044
 1044
 1044
 1044
 1044
 1044
 1044
 1044
 1044
 1044
 1046
 1046
 1046
 1046
 1046
 1046
 1046
 1046
 1046
 1046
 1046
 1046
 1046
 1046
 1046
 1046
 1046
 1046
 1048
 1048
 1048
 1048
 1048
 1048
 1048
 1048
 1048
 1048
 1048
 1048
 1048
 1048
 1048
 1048
 1048
 1048
 1050
 1050
 1050
 1050
 1050
 1050
 1050
 1050
 1050
 1050
 1050
 1050
 1050
 1050
 1050
 1050
 1050
 1050
 1052
 1052
 1052
 1052
 1052
 1052
 1052
 1052
 1052
 1052
 1052
 1052
 1052
 1052
 1052
 1052
 1052
 1052
 1054
 1054
 1054
 1054
 1054
 1054
 1054
 1054
 1054
 1054
 1054
 1054
 1054
 1054
 1054
 1054
 1054
 1054
 1056
 1056
 1056
 1056
 1056
 1056
 1056
 1056
 1056
 1056
 1056
 1056
 1056
 1056
 1056
 1056
 1056
 1057
 1058
 1058
 1058
 1058
 1058
 1058
 1058
 1058
 1058
 1058
 1058
 1058
 1058
 1058
 1058
 1058
 1058
 1059
 1061
 1061
 1061
 1061
 1061
 1061
 1061
 1061
 1061
 1061
 1061
 1061
 1061
 1061
 1061
 1061
 1061
 1061
 1063
 1063
 1063
 1063
 1063
 1063
 1063
 1063
 1063
 1063
 1063
 1063
 1063
 1063
 1063
 1063
 1063
 1063
 1063
 1065
 1065
 1065
 1065
 1065
 1065
 1065
 1065
 1065
 1065
 1065
 1065
 1065
 1065
 1065
 1065
 1066
 1068
 1068
 1068
 1068
 1068
 1068
 1068
 1068
 1068
 1068
 1068
 1068
 1068
 1068
 1068
 1068
 1068
 1068
 1070
 1070
 1070
 1070
 1070
 1070
 1070
 1070
 1070
 1070
 1070
 1070
 1070
 1070
 1070
 1070
 1070
 1070
 1072
 1072
 1072
 1072
 1072
 1072
 1072
 1072
 1072
 1072
 1072
 1072
 1072
 1072
 1072
 1072
 1072
 1072
 1074
 1074
 1074
 1074
 1074
 1074
 1074
 1074
 1074
 1074
 1074
 1074
 1074
 1074
 1074
 1074
 1074
 1074
 1075
 1077
 1077
 1077
 1077
 1077
 1077
 1077
 1077
 1077
 1077
 1077
 1077
 1077
 1077
 1077
 1077
 1077
 1077
 1078
 1079
 1079
 1079
 1079
 1079
 1079
 1079
 1079
 1079
 1079
 1079
 1079
 1079
 1079
 1079
 1079
 1079
 1079
 1079
 1081
 1081
 1081
 1081
 1081
 1081
 1081
 1081
 1081
 1081
 1081
 1081
 1081
 1081
 1081
 1081
 1081
 1081
 1083
 1083
 1083
 1083
 1083
 1083
 1083
 1083
 1083
 1083
 1083
 1083
 1083
 1083
 1083
 1083
 1083
 1083
 1085
 1085
 1085
 1085
 1085
 1085
 1085
 1085
 1085
 1085
 1085
 1085
 1085
 1085
 1085
 1085
 1085
 1085
 1087
 1087
 1087
 1087
 1087
 1087
 1087
 1087
 1087
 1087
 1087
 1087
 1087
 1087
 1087
 1087
 1087
 1087
 1089
 1089
 1089
 1089
 1089
 1089
 1089
 1089
 1089
 1089
 1089
 1089
 1089
 1089
 1089
 1089
 1089
 1089
 1089
 1091
 1091
 1091
 1091
 1091
 1091
 1091
 1091
 1091
 1091
 1091
 1091
 1091
 1091
 1091
 1091
 1091
 1091
 1093
 1093
 1093
 1093
 1093
 1093
 1093
 1093
 1093
 1093
 1093
 1093
 1093
 1093
 1093
 1093
 1093
 1093
 1095
 1095
 1095
 1095
 1095
 1095
 1095
 1095
 1095
 1095
 1095
 1095
 1095
 1095
 1095
 1095
 1095
 1095
 1097
 1097
 1097
 1097
 1097
 1097
 1097
 1097
 1097
 1097
 1097
 1097
 1097
 1097
 1097
 1097
 1097
 1097
 1099
 1099
 1099
 1099
 1099
 1099
 1099
 1099
 1099
 1099
 1099
 1099
 1099
 1099
 1099
 1099
 1099
 1099
 1101
 1101
 1101
 1101
 1101
 1101
 1101
 1101
 1101
 1101
 1101
 1101
 1101
 1101
 1101
 1101
 1101
 1101
 1103
 1103
 1103
 1103
 1103
 1103
 1103
 1103
 1103
 1103
 1103
 1103
 1103
 1103
 1103
 1103
 1103
 1104
 1106
 1106
 1106
 1106
 1106
 1106
 1106
 1106
 1106
 1106
 1106
 1106
 1106
 1106
 1106
 1106
 1106
 1106
 1108
 1108
 1108
 1108
 1108
 1108
 1108
 1108
 1108
 1108
 1108
 1108
 1108
 1108
 1108
 1108
 1108
 1108
 1110
 1110
 1110
 1110
 1110
 1110
 1110
 1110
 1110
 1110
 1110
 1110
 1110
 1110
